market,time,price_open,price_close,price_high,price_low,vwap,volume,candle_usd_volume,candle_trades_count
"bitflyer-xrp-jpy-spot","2021-04-01T00:00:00.000000000Z","63.67","63.44","63.67","60.54","62.34676881907211","1776087.426754","1001402.8654961780302879460262","11846"
"bitflyer-xrp-jpy-spot","2021-04-02T00:00:00.000000000Z","63.43","67.4","69","62.9","65.09767339136692","567738.966812","332700.0852687835060745476511","1500"
"bitflyer-xrp-jpy-spot","2021-04-03T00:00:00.000000000Z","67.69","64.269999999999996","71.05","64.09","68.65662114456114","1604683.081918","994626.0397163892755399267301","2447"
"bitflyer-xrp-jpy-spot","2021-04-04T00:00:00.000000000Z","64.2600000000000051","70.36","70.48","63.87","66.47541579147381","1124117.192833","671811.188674354951309805393","1223"
"bitflyer-xrp-jpy-spot","2021-04-05T00:00:00.000000000Z","70.34","101.15","104.42","68.7","85.07277664610899","10246335.235409","7930048.6540727731746489179892","9659"
"bitflyer-xrp-jpy-spot","2021-04-06T00:00:00.000000000Z","101.15","120.1","122.49","86.98","108.0542413740771","13252494.96885","13000151.5611517210942406405097","14055"
"bitflyer-xrp-jpy-spot","2021-04-07T00:00:00.000000000Z","120.6","101.2","121.51","94.51","107.2522691896457","8371830.014019","8158704.5345440351309311591757","12574"
"bitflyer-xrp-jpy-spot","2021-04-08T00:00:00.000000000Z","101.16","115.75","117.02","99.8","107.1822288456562","5563132.056616","5442232.2968843368329197575604","5841"
"bitflyer-xrp-jpy-spot","2021-04-09T00:00:00.000000000Z","115.93","112.02","118.97","108.2","112.9452157633522","4570982.511802","4706316.4879228445694538932099","5443"
"bitflyer-xrp-jpy-spot","2021-04-10T00:00:00.000000000Z","112.02","150.870000000000005","152.58","111.04","134.4467810859298","19010582.066467","23352479.0461131454220133163792","17677"
"bitflyer-xrp-jpy-spot","2021-04-11T00:00:00.000000000Z","150.87","148.94","164.98","141.61","154.1717642329115","16113301.656766","22606865.8218835000111086269717","19236"
"bitflyer-xrp-jpy-spot","2021-04-12T00:00:00.000000000Z","148.98","160.82","161","143.89","150.5180478318107","7430328.801361","10206163.2060835274920996603801","9333"
"bitflyer-xrp-jpy-spot","2021-04-13T00:00:00.000000000Z","160.84","196.01","205.75","155.77","181.8773597442369","22731396.831284","37804709.7400318968529682834656","25301"
"bitflyer-xrp-jpy-spot","2021-04-14T00:00:00.000000000Z","196.28","200","214.39","162.7","195.8732813487145","20006211.692826","35896339.587990957885079383833","26293"
"bitflyer-xrp-jpy-spot","2021-04-15T00:00:00.000000000Z","200.02","191.610000000000014","204.7","180.17","191.2242487927228","7779455.311429","13663744.041514343258041812825","12848"
"bitflyer-xrp-jpy-spot","2021-04-16T00:00:00.000000000Z","191.659999999999997","169.5","196.1","155","176.912082257919","13849154.294773","22461771.1058913062158469573152","20927"
"bitflyer-xrp-jpy-spot","2021-04-17T00:00:00.000000000Z","169.46","169.1","189.2","168.01","177.8591914423825","7687350.102689","12542164.1626230498032638355826","14027"
"bitflyer-xrp-jpy-spot","2021-04-18T00:00:00.000000000Z","169.099999999999994","155.590000000000003","171.26","124","146.9154338607032","16733255.584554","22301140.2509302373642143876109","26443"
"bitflyer-xrp-jpy-spot","2021-04-19T00:00:00.000000000Z","155.55","141.7","167.3","135","152.0895349584842","10616755.826431","14854712.8443880867356235243754","19467"
"bitflyer-xrp-jpy-spot","2021-04-20T00:00:00.000000000Z","142.2","149.9","156.24","128.1","141.39491556709","12167832.207137","15873088.8994401866585919264579","20882"
"bitflyer-xrp-jpy-spot","2021-04-21T00:00:00.000000000Z","150","139.92","157.9","138.96","148.3428874530789","10248460.515311","14042970.1993478479974169548544","18561"
"bitflyer-xrp-jpy-spot","2021-04-22T00:00:00.000000000Z","140.19","125.14","152.8","118","137.3927245028768","15317312.388401","19455575.3693630713828605070839","25978"
"bitflyer-xrp-jpy-spot","2021-04-23T00:00:00.000000000Z","125.04","126.62","129.1","95.4","115.2456586758906","22327554.236549","23922878.5189260337765911593158","24262"
"bitflyer-xrp-jpy-spot","2021-04-24T00:00:00.000000000Z","127","113.48","127","110.8","118.3651671519096","8728246.641635","9547683.7042913103307004987987","9705"
"bitflyer-xrp-jpy-spot","2021-04-25T00:00:00.000000000Z","113.870000000000005","111.76","124.76","103.26","114.8947149506672","10131304.952796","10780109.3222565918239959882982","12178"
"bitflyer-xrp-jpy-spot","2021-04-26T00:00:00.000000000Z","112.11","148.300000000000011","149","110.11","131.9288805048402","21605797.664484","26377229.6200773936427214144639","19708"
"bitflyer-xrp-jpy-spot","2021-04-27T00:00:00.000000000Z","148","152.94","159.08","144.21","152.5946447022871","17854032.224024","25122118.972333779741653853744","18083"
"bitflyer-xrp-jpy-spot","2021-04-28T00:00:00.000000000Z","152.83","148","157.9","139.99","148.6307215629044","11589466.444627","15815445.7970990020699858779514","13777"
"bitflyer-xrp-jpy-spot","2021-04-29T00:00:00.000000000Z","147.91","152.870000000000005","154.69","144.6","150.9191647136961","8756138.43479","12129051.6996673021103146419221","10648"
"bitflyer-xrp-jpy-spot","2021-04-30T00:00:00.000000000Z","152.97999999999999","175.12","178.46","150.31","169.4094372251714","20922238.987991","32459584.412091713348039932883","21130"
"bitflyer-xrp-jpy-spot","2021-05-01T00:00:00.000000000Z","175.2","180.719999999999999","183.67","168","174.2834873765959","10075122.065019","16039927.913830592887801794004","15994"
"bitflyer-xrp-jpy-spot","2021-05-02T00:00:00.000000000Z","180.75","171.32","181.19","168","173.6214470616345","8555277.155346","13543148.5554867595709793252087","19104"
"bitflyer-xrp-jpy-spot","2021-05-03T00:00:00.000000000Z","171.3","170.300000000000011","177.66","167.56","172.7482896639732","8754562.796824","13807310.8404911041658919527455","16382"
"bitflyer-xrp-jpy-spot","2021-05-04T00:00:00.000000000Z","170.25","152.09","170.48","145","157.9062152772373","13477033.972132","19418895.6064597461244622908726","23287"
"bitflyer-xrp-jpy-spot","2021-05-05T00:00:00.000000000Z","152","175.5","176.06","150","167.4040982654524","12888470.496927","19752805.462817799990511524031","25005"
"bitflyer-xrp-jpy-spot","2021-05-06T00:00:00.000000000Z","175.41","175.280000000000001","187.99","170.1","180.8743543129599","16545732.037351","27548144.9198072104060386473066","29938"
"bitflyer-xrp-jpy-spot","2021-05-07T00:00:00.000000000Z","175.460000000000008","172.42","183.33","165.5","173.6446720179541","11969907.824043","19062137.3293280776901387508217","25178"
"bitflyer-xrp-jpy-spot","2021-05-08T00:00:00.000000000Z","172.37","169.990000000000009","176","168","172.1015006168037","6195411.186487","9813051.7982798973777175896242","14482"
"bitflyer-xrp-jpy-spot","2021-05-09T00:00:00.000000000Z","169.719999999999999","167.04","173","156.48","165.4474903184413","8782910.081865","13355880.6729283421778834455046","17253"
"bitflyer-xrp-jpy-spot","2021-05-10T00:00:00.000000000Z","167.1","152.5","176.8","143.25","164.4437183587039","14212987.946547","21378628.03665696322881059201645","37175"
"bitflyer-xrp-jpy-spot","2021-05-11T00:00:00.000000000Z","152.300000000000011","160.84","161.46","149","155.5572505805651","8443044.451027","12032413.5758809213428607143774","27021"
"bitflyer-xrp-jpy-spot","2021-05-12T00:00:00.000000000Z","160.66","140","168","136","155.7625511857371","11994527.321841","17095835.6571939812625206757899","28006"
"bitflyer-xrp-jpy-spot","2021-05-13T00:00:00.000000000Z","139.110000000000014","149.4","153.05","130","143.1759742364254","15450264.041092","20134393.7748161738289738172969","34202"
"bitflyer-xrp-jpy-spot","2021-05-14T00:00:00.000000000Z","149.5","153.69","159.21","145.14","151.2529282726625","6767352.665109","9345091.9299317057973202683335","21782"
"bitflyer-xrp-jpy-spot","2021-05-15T00:00:00.000000000Z","153.72","162.87","173.5","144.93","160.2863626050366","14397328.578264","21132468.87995628883406547726214","31479"
"bitflyer-xrp-jpy-spot","2021-05-16T00:00:00.000000000Z","162.9","159.5","175.7","147.1","164.7335842736858","16839339.703683","25364267.20859728500118800455904","42035"
"bitflyer-xrp-jpy-spot","2021-05-17T00:00:00.000000000Z","159.4","163.76","169.8","145","160.2031082929852","21467595.081002","31399588.19927126108926030647974","53454"
"bitflyer-xrp-jpy-spot","2021-05-18T00:00:00.000000000Z","163.56","173.580000000000013","184.98","161.26","173.6276649965609","20764737.030013","33116030.00982289948329159713721","52456"
"bitflyer-xrp-jpy-spot","2021-05-19T00:00:00.000000000Z","173.990000000000009","117.3","179.15","106","145.4652233110465","31429817.0386","41655062.82377089071802317567844","54286"
"bitflyer-xrp-jpy-spot","2021-05-20T00:00:00.000000000Z","117.05","129.75","140.07","101.21","125.8747803554484","20706161.56021","23771504.85199149875939941947128","30162"
"bitflyer-xrp-jpy-spot","2021-05-21T00:00:00.000000000Z","129.740000000000009","110.480000000000004","133.56","99.4","116.3401885617431","16195006.540727","17180089.39210791425277877737885","27308"
"bitflyer-xrp-jpy-spot","2021-05-22T00:00:00.000000000Z","110.319999999999993","98.7800000000000011","111.31","89.62","99.56625109195834","13158524.537051","11986076.2806197207526389722186","19948"
"bitflyer-xrp-jpy-spot","2021-05-23T00:00:00.000000000Z","98.78","86.230000000000004","105.25","70.15","84.10097675892032","21348292.898378","16492512.791052588995300121178895","21343"
"bitflyer-xrp-jpy-spot","2021-05-24T00:00:00.000000000Z","86.4300000000000068","108.43","109.34","82.65","93.48176394493528","14325378.072428","12281893.498400050236465848407064","18299"
"bitflyer-xrp-jpy-spot","2021-05-25T00:00:00.000000000Z","108.6","106.4","115.84","96.03","105.9703662794998","16911247.035033","16418181.964340291878386484827164","22114"
"bitflyer-xrp-jpy-spot","2021-05-26T00:00:00.000000000Z","106.67","113.200000000000003","116.33","103.5","110.4723246127625","10503410.818178","10634772.75285198302346160661702","14881"
"bitflyer-xrp-jpy-spot","2021-05-27T00:00:00.000000000Z","113.299999999999997","107.5","114.2","102.18","108.2963520517998","7896242.844711","7807445.744108278001419096479144","13259"
"bitflyer-xrp-jpy-spot","2021-05-28T00:00:00.000000000Z","107.25","99.2800000000000011","108.5","93","99.90670195527772","10116551.529362","9169972.587835190801450826254314","13415"
"bitflyer-xrp-jpy-spot","2021-05-29T00:00:00.000000000Z","99.1599999999999966","92.09","103.35","87.82","95.59486717359806","6495739.828383","5631219.507274247344053266290997","8530"
"bitflyer-xrp-jpy-spot","2021-05-30T00:00:00.000000000Z","92.24","99.66","102.5","88.21","95.88075608629082","6258638.82682","5447990.383342561162889378355465","7957"
"bitflyer-xrp-jpy-spot","2021-05-31T00:00:00.000000000Z","99.5499999999999972","114.450000000000003","115.2","96.82","107.4653683867821","14449556.12673","14139925.186464519006134062143201","20983"
"bitflyer-xrp-jpy-spot","2021-06-01T00:00:00.000000000Z","114.400000000000006","111.180000000000007","120.92","107.31","113.3582116723599","14131004.520378","14593733.46152672228726330389256","19990"
"bitflyer-xrp-jpy-spot","2021-06-02T00:00:00.000000000Z","111.3","112.489999999999995","115","107.75","111.7808484579244","6108929.943456","6220376.419794805958988103362258","10372"
"bitflyer-xrp-jpy-spot","2021-06-03T00:00:00.000000000Z","112.459999999999994","115.36","118","110.68","114.2972869251181","7790785.64548","8099184.09909335646189494610434","12474"
"bitflyer-xrp-jpy-spot","2021-06-04T00:00:00.000000000Z","115.49","106.530000000000001","115.51","100.7","106.3502895419283","11453149.817013","11060138.591733355893840352260645","17283"
"bitflyer-xrp-jpy-spot","2021-06-05T00:00:00.000000000Z","106.59","101.52","109.4","98.03","104.1389117096065","6245108.898539","5928523.308599064514682350635413","9056"
"bitflyer-xrp-jpy-spot","2021-06-06T00:00:00.000000000Z","101.45","103.88","104.12","100.96","102.5357886322567","3311185.902461","3093678.572273224970792832356607","5292"
"bitflyer-xrp-jpy-spot","2021-06-07T00:00:00.000000000Z","103.97","94.5600000000000023","107","92.4","100.883479553371","8875887.512072","8170341.157520552529414301449877","11317"
"bitflyer-xrp-jpy-spot","2021-06-08T00:00:00.000000000Z","94.5999999999999943","95.65","96.95","85.79","92.81506969227794","11225443.874093","9515849.828754866037765477972737","15533"
"bitflyer-xrp-jpy-spot","2021-06-09T00:00:00.000000000Z","95.45","101.019999999999996","101.03","90.7","95.10484924873068","9167954.880846","7957661.45022809001806020466531","13630"
"bitflyer-xrp-jpy-spot","2021-06-10T00:00:00.000000000Z","101.04","95.15","102","93.47","96.91279938674112","7981749.851495","7061089.174600227212803424403578","11122"
"bitflyer-xrp-jpy-spot","2021-06-11T00:00:00.000000000Z","95.41","93.09","96.78","91.64","94.22442543115196","3909414.488712","3357672.326428349115021015090143","5952"
"bitflyer-xrp-jpy-spot","2021-06-12T00:00:00.000000000Z","93.02","91.5","93.11","88.7","90.60659985345922","3755447.92499","3095768.497479324883628698527268","5384"
"bitflyer-xrp-jpy-spot","2021-06-13T00:00:00.000000000Z","91.4599999999999937","96.7","97.36","89.8","93.16842967401487","3505320.285817","2974757.976544401968331771602027","5212"
"bitflyer-xrp-jpy-spot","2021-06-14T00:00:00.000000000Z","96.85","98.2000000000000028","102.16","94.76","97.22101326237894","4700578.268484","4157614.38083433193682239827459","7208"
"bitflyer-xrp-jpy-spot","2021-06-15T00:00:00.000000000Z","98.1200000000000045","95.62","99.46","94.5","97.02865219953395","2560859.385205","2253925.917881427313558450993693","5182"
"bitflyer-xrp-jpy-spot","2021-06-16T00:00:00.000000000Z","95.5999999999999943","92.3900000000000006","96.19","90.8","93.26365328482089","3572368.582648","3021514.844346753011081313814818","5464"
"bitflyer-xrp-jpy-spot","2021-06-17T00:00:00.000000000Z","92.3900000000000006","93.0300000000000011","95.55","91","93.53457611881313","3126714.984249","2642528.33205632293051508183767","4936"
"bitflyer-xrp-jpy-spot","2021-06-18T00:00:00.000000000Z","93.0300000000000011","88.14","93.25","85","89.53102059524726","4689341.53812","3806618.663255664487606047691103","7243"
"bitflyer-xrp-jpy-spot","2021-06-19T00:00:00.000000000Z","88.1","83.8499999999999943","89.12","83.51","87.09321014987709","3188498.819449","2517780.911528586224803697780277","4670"
"bitflyer-xrp-jpy-spot","2021-06-20T00:00:00.000000000Z","83.7399999999999949","85.22","86.5","76.78","81.33750959234019","7154217.403743","5275675.981249521770052488760587","8502"
"bitflyer-xrp-jpy-spot","2021-06-21T00:00:00.000000000Z","85.3799999999999955","67.0300000000000011","85.95","66.7","75.18559970165885","13333573.246522","9102245.045095170395573150671841","15854"
"bitflyer-xrp-jpy-spot","2021-06-22T00:00:00.000000000Z","66.980000000000004","60.43","71.81","56.01","63.51880081293851","20948347.554272","12036922.038279823313535380074182","21674"
"bitflyer-xrp-jpy-spot","2021-06-23T00:00:00.000000000Z","60.47","70.8400000000000034","74.3","57.67","68.48317805665441","14851547.947065","9178405.5084126316491731935237","16415"
"bitflyer-xrp-jpy-spot","2021-06-24T00:00:00.000000000Z","71","74.61","76.81","68.5","72.05330124888223","7082994.507699","4602157.858954103235767945052597","8418"
"bitflyer-xrp-jpy-spot","2021-06-25T00:00:00.000000000Z","74.77","68","76.4","67","71.00882797870827","8117663.34774","5200783.113769322687532878090077","11586"
"bitflyer-xrp-jpy-spot","2021-06-26T00:00:00.000000000Z","67.7000000000000028","68.34","70.18","64.66","66.78541322309336","5185808.333013","3120776.149296227511582828233031","7390"
"bitflyer-xrp-jpy-spot","2021-06-27T00:00:00.000000000Z","68.21","71.7800000000000011","72.3","66.14","68.62284074112302","4029043.11564","2495491.94539363008731109094652","5169"
"bitflyer-xrp-jpy-spot","2021-06-28T00:00:00.000000000Z","71.9","71.0900000000000034","72.72","68.95","70.98438678305491","4610714.182016","2958056.644994673951598556491608","5390"
"bitflyer-xrp-jpy-spot","2021-06-29T00:00:00.000000000Z","71.0900000000000034","77.83","81.52","70.9599999999999937","77.03393411042546","8389521.820156","5842004.863295141749779690965858","9699"
"bitflyer-xrp-jpy-spot","2021-06-30T00:00:00.000000000Z","77.91","78.58","78.98","71.95","75.2969757179261","5930401.673138","4033748.45247381360856443297372","7801"
"bitflyer-xrp-jpy-spot","2021-07-01T00:00:00.000000000Z","78.7","73.68","78.76","72.2","74.48805895521611","4715792.087462","3151013.679032677764580120665156","5910"
"bitflyer-xrp-jpy-spot","2021-07-02T00:00:00.000000000Z","73.5","73","74.5","70.75","72.04249932743489","2334700.324166","1507449.265910021952949216562901","3401"
"bitflyer-xrp-jpy-spot","2021-07-03T00:00:00.000000000Z","73","74.7399999999999949","75.95","71.5799999999999983","74.30349761666716","2599366.039802","1737787.393218239929767246441348","2686"
"bitflyer-xrp-jpy-spot","2021-07-04T00:00:00.000000000Z","74.6400000000000006","77.4","78.6400000000000006","73.81","76.58371449796691","3735749.144722","2578092.637055746899010632423245","3384"
"bitflyer-xrp-jpy-spot","2021-07-05T00:00:00.000000000Z","77.01","72.4200000000000017","77.39","71.5","74.1615651348168","3676275.625538","2455200.452003758414895703702031","4337"
"bitflyer-xrp-jpy-spot","2021-07-06T00:00:00.000000000Z","72.3700000000000045","73.77","75.38","72.25","73.72957851173884","2258908.862976","1503108.970087691185299114709403","3390"
"bitflyer-xrp-jpy-spot","2021-07-07T00:00:00.000000000Z","73.4500000000000028","72.0999999999999943","74.73","72.0999999999999943","73.74405885274451","1765575.645944","1176798.284163977931626854502984","2283"
"bitflyer-xrp-jpy-spot","2021-07-08T00:00:00.000000000Z","72.230000000000004","68.61","72.52","67.15","69.41214642927852","3592325.98508","2262030.489180270890930035130783","4866"
"bitflyer-xrp-jpy-spot","2021-07-09T00:00:00.000000000Z","68.4200000000000017","70.29","71.09","65.1","68.02120591944094","2369495.835237","1464007.82255572875110003669097","3091"
"bitflyer-xrp-jpy-spot","2021-07-10T00:00:00.000000000Z","70.46","69","71.56","67.5","69.25205549099477","1366387.454064","858603.152707064240827195643743","1679"
"bitflyer-xrp-jpy-spot","2021-07-11T00:00:00.000000000Z","68.8599999999999994","70.07","71","68.01","69.49785611681404","1421336.245793","896559.099845197249235664674394","1646"
"bitflyer-xrp-jpy-spot","2021-07-12T00:00:00.000000000Z","70.1599999999999966","69.63","72.45","68.11","70.39206414412841","2713082.725117","1733424.2886146672309275692474","2876"
"bitflyer-xrp-jpy-spot","2021-07-13T00:00:00.000000000Z","69.63","68.52","71.02","67.44","69.26766997338159","1886614.208103","1182273.117438392006775088345419","2473"
"bitflyer-xrp-jpy-spot","2021-07-14T00:00:00.000000000Z","68.54","68.09","68.8","64.8","66.74699311888732","2439087.241054","1474137.743145982747028816574996","3188"
"bitflyer-xrp-jpy-spot","2021-07-15T00:00:00.000000000Z","68.09","65.67","68.88","64.81","66.57055380717585","1612166.636031","975502.587909899286674812397327","2090"
"bitflyer-xrp-jpy-spot","2021-07-16T00:00:00.000000000Z","65.67","65","68.03","64.81","66.23049601216738","1781815.420595","1071558.278163613652612672632843","2367"
"bitflyer-xrp-jpy-spot","2021-07-17T00:00:00.000000000Z","65","64.17","65.83","62","64.10406159951985","1545309.265152","901927.176652982324992187483734","2149"
"bitflyer-xrp-jpy-spot","2021-07-18T00:00:00.000000000Z","64.17","64.54","66.1","63.02","64.7160953152176","1201055.12594","705917.145963449614808656418012","1636"
"bitflyer-xrp-jpy-spot","2021-07-19T00:00:00.000000000Z","64.51","61.1700000000000017","64.78","60.47","62.21030288653712","2905588.061853","1648009.40667706163441622870952","3045"
"bitflyer-xrp-jpy-spot","2021-07-20T00:00:00.000000000Z","61.009999999999998","58.11","62.49","56.5","58.26824468702387","3396253.833018","1805816.988103594311874137998425","4155"
"bitflyer-xrp-jpy-spot","2021-07-21T00:00:00.000000000Z","58","62.94","64.38","57.1","60.85862432726158","2904164.78416","1603837.771140901336583059241238","3125"
"bitflyer-xrp-jpy-spot","2021-07-22T00:00:00.000000000Z","62.94","65.230000000000004","66.3","61.95","63.6340312147333","2435846.521463","1406684.365510794737998718547438","2545"
"bitflyer-xrp-jpy-spot","2021-07-23T00:00:00.000000000Z","65.230000000000004","67.5","67.55","63.56","65.68500377058731","1813057.282121","1078821.306215059847904106981674","5176"
"bitflyer-xrp-jpy-spot","2021-07-24T00:00:00.000000000Z","67.55","67.3799999999999955","68.57","66.4","67.28999136531318","2557089.086572","1556134.068015450804169160226583","7398"
"bitflyer-xrp-jpy-spot","2021-07-25T00:00:00.000000000Z","67.3799999999999955","67","69.2","65.31","67.02562400388454","2428977.93391","1470442.735101855907692036993288","2333"
"bitflyer-xrp-jpy-spot","2021-07-26T00:00:00.000000000Z","67","68.6800000000000068","74.59","66.69","71.5399275085733","6669650.520903","4337086.509289977262578256601812","8750"
"bitflyer-xrp-jpy-spot","2021-07-27T00:00:00.000000000Z","68.7099999999999937","70.82","71.9","67.33","69.63313582082289","3257562.42822","2063472.707621112819664588068917","4925"
"bitflyer-xrp-jpy-spot","2021-07-28T00:00:00.000000000Z","70.87","80.6500000000000057","82.66","69.4","78.16090489586789","8290001.688313","5894519.248809307005082712241107","10440"
"bitflyer-xrp-jpy-spot","2021-07-29T00:00:00.000000000Z","80.4200000000000017","82.0400000000000063","83.84","76.64","78.73127541944058","3633571.239194","2609113.644191137434907775118235","4723"
"bitflyer-xrp-jpy-spot","2021-07-30T00:00:00.000000000Z","82","82.46","84.12","78.15","81.00175884479781","4448337.365945","3289170.721506422087357398862521","7483"
"bitflyer-xrp-jpy-spot","2021-07-31T00:00:00.000000000Z","82.42","81.8199999999999932","83.22","81","82.18252415551609","2215727.308757","1660676.557393312616543376865348","3284"
"bitflyer-xrp-jpy-spot","2021-08-01T00:00:00.000000000Z","82.1200000000000045","79.54","85.38","77.77","82.61248274353839","3738623.258072","2820898.032071421016108049621958","4000"
"bitflyer-xrp-jpy-spot","2021-08-02T00:00:00.000000000Z","79.54","80.8","84.88","78.49","81.43018694932571","2616010.190361","1944622.245143913811608277208461","3800"
"bitflyer-xrp-jpy-spot","2021-08-03T00:00:00.000000000Z","80.75","77.7199999999999989","81.25","76.55","78.35823781605918","2878830.681954","2068655.12701538377576271272926","3740"
"bitflyer-xrp-jpy-spot","2021-08-04T00:00:00.000000000Z","77.7999999999999972","80.06","80.95","76.04","78.12243088026566","3063061.060603","2190134.594707380465796542828778","3603"
"bitflyer-xrp-jpy-spot","2021-08-05T00:00:00.000000000Z","80.06","80.4300000000000068","81.13","76.88","79.10585498800043","2994439.064195","2161011.467652267645003402720567","3628"
"bitflyer-xrp-jpy-spot","2021-08-06T00:00:00.000000000Z","80.4000000000000057","82.0999999999999943","82.8","79.5","80.88702249894189","4617824.264701","3410659.487207454450390029238865","4445"
"bitflyer-xrp-jpy-spot","2021-08-07T00:00:00.000000000Z","82.0999999999999943","90.12","90.13","81.6","86.07370911516222","5251536.656236","2128405.895440004147140343282018","6150"
"bitflyer-xrp-jpy-spot","2021-08-08T00:00:00.000000000Z","90.03","85.97","92.84","85.3","89.03981232458834","5507428.131269","3691024.645242728086806182486088","6458"
"bitflyer-xrp-jpy-spot","2021-08-09T00:00:00.000000000Z","86","90.11","91","83.9","87.84431039539849","7031797.185316","5610795.377026783502879117657829","7307"
"bitflyer-xrp-jpy-spot","2021-08-10T00:00:00.000000000Z","89.99","94.0400000000000063","95.18","88.25","91.91858609834072","5140546.037489","4283900.555557657203034670942238","6516"
"bitflyer-xrp-jpy-spot","2021-08-11T00:00:00.000000000Z","93.9200000000000017","111.629999999999995","120.99","93.71","104.6842393793652","14463515.558005","13695005.568939397696990786319631","15450"
"bitflyer-xrp-jpy-spot","2021-08-12T00:00:00.000000000Z","111.629999999999995","106.21","115.19","102","108.9125329802152","12911154.950596","12750328.971731653899631386845551","15593"
"bitflyer-xrp-jpy-spot","2021-08-13T00:00:00.000000000Z","106.55","119.68","120","105.1","112.9570298244454","11206220.039316","11500498.217360247029671399363774","12737"
"bitflyer-xrp-jpy-spot","2021-08-14T00:00:00.000000000Z","119.6","140.430000000000007","143.78","117","128.7912985286494","21529948.030778","25328497.56293337969891578044955","27505"
"bitflyer-xrp-jpy-spot","2021-08-15T00:00:00.000000000Z","140.590000000000003","140.629999999999995","148","133","141.2078997298505","19906439.190394","25665324.25350744014283242329519","26465"
"bitflyer-xrp-jpy-spot","2021-08-16T00:00:00.000000000Z","140.620000000000005","129.82","144.82","125.66","136.1623966162395","13015819.528995","16224608.22067686439206459690442","18415"
"bitflyer-xrp-jpy-spot","2021-08-17T00:00:00.000000000Z","129.65","120.269999999999996","133.75","119","128.3870713170644","13390329.072308","15725112.14365117808772905855932","18751"
"bitflyer-xrp-jpy-spot","2021-08-18T00:00:00.000000000Z","120.269999999999996","125.73","131.42","115.13","122.663703903252","16846601.52341","18842221.23731667552069902183124","18823"
"bitflyer-xrp-jpy-spot","2021-08-19T00:00:00.000000000Z","125.69","135.419999999999987","135.48","119.52","126.107977600321","15110100.045282","17337787.04171224327794255780035","17342"
"bitflyer-xrp-jpy-spot","2021-08-20T00:00:00.000000000Z","135.349999999999994","138.19","141.2","131.46","136.6381080857437","10628072.384786","13249129.44346015978389304672617","15683"
"bitflyer-xrp-jpy-spot","2021-08-21T00:00:00.000000000Z","138.19","133.5","140.05","132.2","136.2811128127161","6392270.58796","7959022.63161682554134087956331","9434"
"bitflyer-xrp-jpy-spot","2021-08-22T00:00:00.000000000Z","133.5","134.39","137.23","129.5","134.3594735335693","7802658.214186","9569268.50873049813318944256302","8118"
"bitflyer-xrp-jpy-spot","2021-08-23T00:00:00.000000000Z","134.3","136.85","141.7","132.97","136.5453688335378","12114842.183444","15213248.83765913944143721648983","17315"
"bitflyer-xrp-jpy-spot","2021-08-24T00:00:00.000000000Z","136.5","124.730000000000004","138.5","123.4","131.4982438104198","7955057.728967","9541418.36405263927060345243554","12789"
"bitflyer-xrp-jpy-spot","2021-08-25T00:00:00.000000000Z","124.799999999999997","128.99","129.5","121.72","126.15335894345","10566217.818941","12131433.374477697837202753079","13033"
"bitflyer-xrp-jpy-spot","2021-08-26T00:00:00.000000000Z","128.91","118","130.2","117.26","122.8123884342515","8854921.963796","9870817.97445728760403263518711","10938"
"bitflyer-xrp-jpy-spot","2021-08-27T00:00:00.000000000Z","117.96","130.3","130.6","115.54","122.1078290541869","8989980.685903","9989569.2516916547456980204035","11265"
"bitflyer-xrp-jpy-spot","2021-08-28T00:00:00.000000000Z","130.53","125.540000000000006","131.29","124.17","127.8144065189219","4652884.656366","5423549.94786007748237152055272","5015"
"bitflyer-xrp-jpy-spot","2021-08-29T00:00:00.000000000Z","125.540000000000006","124.480000000000004","127.76","122.2","125.2345692052864","4888340.366109","5610476.56345553007167775133761","7517"
"bitflyer-xrp-jpy-spot","2021-08-30T00:00:00.000000000Z","124.519999999999996","120.9","125.3","120.37","123.2645890043249","6445730.630456","7274355.39426630681318424936888","8292"
"bitflyer-xrp-jpy-spot","2021-08-31T00:00:00.000000000Z","120.6","130.340000000000003","136","120","127.8106834859996","11139373.104898","12981344.17740785685771148564327","13593"
"bitflyer-xrp-jpy-spot","2021-09-01T00:00:00.000000000Z","130.319999999999993","135.85","135.99","127.65","131.7053057475755","8560760.104859","10245653.6524104234473780324317","11509"
"bitflyer-xrp-jpy-spot","2021-09-02T00:00:00.000000000Z","135.99","138.009999999999991","141.7","134.36","138.0063939227636","15456186.675328","19440644.70016634657912233441017","16776"
"bitflyer-xrp-jpy-spot","2021-09-03T00:00:00.000000000Z","138.009999999999991","141.55","144.42","135","139.7540508137253","12500351.63025","15924880.99701005111778251403425","14658"
"bitflyer-xrp-jpy-spot","2021-09-04T00:00:00.000000000Z","141.810000000000002","137.65","142.2","136.25","139.1090061610972","5178985.548409","6563569.33021836271521473301085","6951"
"bitflyer-xrp-jpy-spot","2021-09-05T00:00:00.000000000Z","137.95","142.819999999999993","143.3","136.45","139.2554109338574","8676351.998328","11021441.79299489117916593643487","8745"
"bitflyer-xrp-jpy-spot","2021-09-06T00:00:00.000000000Z","142.919999999999987","153.1","155","142.92","149.0500093081272","12280349.857594","16695685.08416349858897940147149","16018"
"bitflyer-xrp-jpy-spot","2021-09-07T00:00:00.000000000Z","152.92","125.120000000000005","153.08","109.55","131.4920252724651","20979569.211163","24948940.75197183933854353803893","28987"
"bitflyer-xrp-jpy-spot","2021-09-08T00:00:00.000000000Z","125.120000000000005","121.280000000000001","127.3","112","120.9791551032654","19786811.52093","21659334.0961686575936098941507","23759"
"bitflyer-xrp-jpy-spot","2021-09-09T00:00:00.000000000Z","121.390000000000001","119.48","124.88","118.3","121.726035987807","8846185.273292","9795849.44760866280826608249376","12143"
"bitflyer-xrp-jpy-spot","2021-09-10T00:00:00.000000000Z","119.31","116","136.45","113.5","122.9453277323319","13743539.181867","15379752.50898869023278515068136","18042"
"bitflyer-xrp-jpy-spot","2021-09-11T00:00:00.000000000Z","116.099999999999994","118.590000000000003","122.17","115.63","119.0644813812721","4617404.788939","5000701.72243824380157421594959","7028"
"bitflyer-xrp-jpy-spot","2021-09-12T00:00:00.000000000Z","118.59","122.909999999999997","123.85","116.53","120.5811802351522","4482233.460318","4918005.74067031879204258674482","6341"
"bitflyer-xrp-jpy-spot","2021-09-13T00:00:00.000000000Z","122.689999999999998","117.16","123.8","113.11","117.2309518691695","8879263.821845","9463607.08361361065548917401334","10552"
"bitflyer-xrp-jpy-spot","2021-09-14T00:00:00.000000000Z","117.16","120.23","120.25","116.38","118.3117666838392","3513467.179099","3782129.35267223825024203718958","5420"
"bitflyer-xrp-jpy-spot","2021-09-15T00:00:00.000000000Z","120","122.6","123.45","118.41","120.5303271429307","3299368.564633","3634057.52880217901742208893882","5504"
"bitflyer-xrp-jpy-spot","2021-09-16T00:00:00.000000000Z","122.469999999999999","119.790000000000006","123.5","117.18","120.8667324514809","3520350.170868","3887439.02356928592070738373731","5436"
"bitflyer-xrp-jpy-spot","2021-09-17T00:00:00.000000000Z","119.730000000000004","117.25","121","115.85","118.0714608354692","3167754.114309","3401233.47731065683417343420865","4784"
"bitflyer-xrp-jpy-spot","2021-09-18T00:00:00.000000000Z","117.299999999999997","118.400000000000006","120.28","116.36","118.8147058956653","2085169.919174","2253103.07593716038117156145298","3502"
"bitflyer-xrp-jpy-spot","2021-09-19T00:00:00.000000000Z","118.4","115.53","119.21","114.5","116.8925301108822","2127611.925871","2258762.14416925482181950549366","3376"
"bitflyer-xrp-jpy-spot","2021-09-20T00:00:00.000000000Z","115.64","100.310000000000002","115.64","95.77","104.5610756338417","13795069.665752","13147987.512300699609958453542253","20117"
"bitflyer-xrp-jpy-spot","2021-09-21T00:00:00.000000000Z","100.81","95.33","105.05","93.7","100.2922644447776","9052022.696393","8293488.718430005590475495424729","13272"
"bitflyer-xrp-jpy-spot","2021-09-22T00:00:00.000000000Z","95.29","110.24","110.86","94.81","104.3638239375785","7917224.638594","7535411.960227635009541186253413","12695"
"bitflyer-xrp-jpy-spot","2021-09-23T00:00:00.000000000Z","110.359999999999999","110.739999999999995","111.67","106.35","109.3942357009058","5349004.944693","5319411.8511833701676564325657","6554"
"bitflyer-xrp-jpy-spot","2021-09-24T00:00:00.000000000Z","110.579999999999998","104.540000000000006","110.61","97.95","103.5276869805557","7824620.147676","7330275.061965054506843423116215","10513"
"bitflyer-xrp-jpy-spot","2021-09-25T00:00:00.000000000Z","104.540000000000006","104","106","101.6","104.1636779267316","2322083.904281","2185116.613162539544802229588291","5101"
"bitflyer-xrp-jpy-spot","2021-09-26T00:00:00.000000000Z","104","104.63","106","99","102.5658987615187","3774796.720358","3494807.749531611768636374548399","5486"
"bitflyer-xrp-jpy-spot","2021-09-27T00:00:00.000000000Z","104.58","102.62","108.58","102.25","105.7736101646286","2891146.808208","2757666.814510618979001019888461","4883"
"bitflyer-xrp-jpy-spot","2021-09-28T00:00:00.000000000Z","102.579999999999998","99.6899999999999977","105.1","99.5","102.6644438554279","2508309.990871","2311413.233011833794602170556682","3976"
"bitflyer-xrp-jpy-spot","2021-09-29T00:00:00.000000000Z","99.6299999999999955","103.95","110.6","99.08","104.5049848320473","4825310.810394","4515482.098109250223192693084463","5775"
"bitflyer-xrp-jpy-spot","2021-09-30T00:00:00.000000000Z","103.95","106.29","108","103.2","105.7297209245248","2944853.39069","2785245.287715192948249198916508","4181"
"bitflyer-xrp-jpy-spot","2021-10-01T00:00:00.000000000Z","106.11","115.769999999999996","119.35","105.2","111.9221554569047","9026578.861298","9097532.961054485152761463301612","9710"
"bitflyer-xrp-jpy-spot","2021-10-02T00:00:00.000000000Z","115.730000000000004","114.939999999999998","118.95","112.15","115.0727352972389","4140572.466162","4292204.34515278388433823189131","5511"
"bitflyer-xrp-jpy-spot","2021-10-03T00:00:00.000000000Z","115.069999999999993","117.3","120.7","113.5","117.4069551339744","4100751.492464","4340890.71637871830458946683174","5609"
"bitflyer-xrp-jpy-spot","2021-10-04T00:00:00.000000000Z","117.3","115.590000000000003","117.67","112.3","114.7490102365207","6012044.084072","6209414.56180018439666508443197","7332"
"bitflyer-xrp-jpy-spot","2021-10-05T00:00:00.000000000Z","115.680000000000007","120.760000000000005","121.1","115.049999999999997","118.397307524548","4719090.306362","5018890.9759297257996361892274","6942"
"bitflyer-xrp-jpy-spot","2021-10-06T00:00:00.000000000Z","120.870000000000005","120.07","123","113.77","118.1916710086593","8123601.564506","8609068.60784461989946430288189","9560"
"bitflyer-xrp-jpy-spot","2021-10-07T00:00:00.000000000Z","120.060000000000002","119.219999999999999","121.7","116.51","119.3494139656243","4175990.048267","4475637.62338297996607302157006","6541"
"bitflyer-xrp-jpy-spot","2021-10-08T00:00:00.000000000Z","119.219999999999999","119.540000000000006","122.19","118.49","120.1538392802831","2995455.729978","3215884.99708307149329810062686","4445"
"bitflyer-xrp-jpy-spot","2021-10-09T00:00:00.000000000Z","119.599999999999994","130.099999999999994","135.41","118.92","128.0327640436162","7467672.069009","8529256.10994661376824102117375","9621"
"bitflyer-xrp-jpy-spot","2021-10-10T00:00:00.000000000Z","130.189999999999998","127.5","137.5","126.33","132.05036001524","9033443.358937","10646330.80072194028354648122409","9601"
"bitflyer-xrp-jpy-spot","2021-10-11T00:00:00.000000000Z","127.42","129.01","133.57","126","129.6329456295032","6294144.251781","7223898.50038107781938891798433","7157"
"bitflyer-xrp-jpy-spot","2021-10-12T00:00:00.000000000Z","129.08","125.060000000000002","129.7","120.5","124.3945279596908","5456391.253434","5986326.94429556348731418823707","7692"
"bitflyer-xrp-jpy-spot","2021-10-13T00:00:00.000000000Z","124.849999999999994","127.36","128.6","122.14","125.2534564315451","3817322.575321","4217177.20128517986409589623783","5585"
"bitflyer-xrp-jpy-spot","2021-10-14T00:00:00.000000000Z","127.36","129.039999999999992","131.29","126.6","128.6765842756451","3581959.485472","4064930.3220577840866061390135","5787"
"bitflyer-xrp-jpy-spot","2021-10-15T00:00:00.000000000Z","129.039999999999992","130.099999999999994","132.34","125","128.9557450628689","6527710.108444","7391153.24880459890751563044658","9728"
"bitflyer-xrp-jpy-spot","2021-10-16T00:00:00.000000000Z","130.099999999999994","129.5","135","129","131.6635270196216","5228082.352553","6033655.9312433758429453817613","6910"
"bitflyer-xrp-jpy-spot","2021-10-17T00:00:00.000000000Z","129.5","125.310000000000002","130.09","118.2","125.9669162169755","3896933.115319","4303456.54711333738624786687654","4938"
"bitflyer-xrp-jpy-spot","2021-10-18T00:00:00.000000000Z","125.5","123.56","126.56","121.7","124.3426999326128","3630998.878502","3951865.86956830669435104854816","4434"
"bitflyer-xrp-jpy-spot","2021-10-19T00:00:00.000000000Z","123.56","125.189999999999998","125.51","122.1","124.1498612046212","2669703.123908","2902967.1899720389046274537108","3280"
"bitflyer-xrp-jpy-spot","2021-10-20T00:00:00.000000000Z","125.189999999999998","130.930000000000007","131.49","124.71","128.3413765786829","4130711.860701","4638765.24057225064875911847406","6010"
"bitflyer-xrp-jpy-spot","2021-10-21T00:00:00.000000000Z","131","124.19","132.85","124","128.8429656627262","4882815.23634","5518102.64790134401672912694105","7848"
"bitflyer-xrp-jpy-spot","2021-10-22T00:00:00.000000000Z","124.22","123.700000000000003","128.08","122.4","125.0278778578661","3189037.450857","3501794.06768139135367289501005","4681"
"bitflyer-xrp-jpy-spot","2021-10-23T00:00:00.000000000Z","123.700000000000003","124.18","125.1","122.31","123.880458483007","1299438.592212","1415921.1607099489014142642951","2078"
"bitflyer-xrp-jpy-spot","2021-10-24T00:00:00.000000000Z","124.31","123.340000000000003","124.41","119.95","122.4866102723481","1827682.401566","1971677.1213264733134345197606","2510"
"bitflyer-xrp-jpy-spot","2021-10-25T00:00:00.000000000Z","123.340000000000003","124.61","125.45","122.68","124.4300511068649","1384708.94013","1514067.33760824437220818669827","2234"
"bitflyer-xrp-jpy-spot","2021-10-26T00:00:00.000000000Z","124.75","126.41","132.2","124.48","127.7807435845767","4613776.30919","5169944.29197407382219745963034","6387"
"bitflyer-xrp-jpy-spot","2021-10-27T00:00:00.000000000Z","126.41","113.49","128.38","113.18","118.801980003187","5906335.443586","6142559.09642819465618740902402","7233"
"bitflyer-xrp-jpy-spot","2021-10-28T00:00:00.000000000Z","113.659999999999997","120","122.97","112.06","118.1314292601044","4006891.054515","4160679.41227906539031673987131","3681"
"bitflyer-xrp-jpy-spot","2021-10-29T00:00:00.000000000Z","120","123.459999999999994","124.2","119.98","122.1052151087996","2435665.060359","2613427.5064036687475719805336","2252"
"bitflyer-xrp-jpy-spot","2021-10-30T00:00:00.000000000Z","123.640000000000001","123.8","127.03","121.2","124.0588395792688","2404798.025396","2616123.84437108465593786842976","2732"
"bitflyer-xrp-jpy-spot","2021-10-31T00:00:00.000000000Z","123.81","127.26","131.42","122.21","126.959175394352","5449689.751478","6069463.28690043470549512092163","5089"
"bitflyer-xrp-jpy-spot","2021-11-01T00:00:00.000000000Z","127.35","124.599999999999994","129.280000000000001","122.6","125.2343213190398","3258799.855535","3574606.35004577807751837605929","2933"
"bitflyer-xrp-jpy-spot","2021-11-02T00:00:00.000000000Z","124.599999999999994","129.22","130.26","124","126.9007230515346","3893012.245702","4345452.74161566065951735804378","3901"
"bitflyer-xrp-jpy-spot","2021-11-03T00:00:00.000000000Z","129.22","137.889999999999986","140.05","128.11","135.1041434614781","11532497.15682","13707357.919080343448715856322","9641"
"bitflyer-xrp-jpy-spot","2021-11-04T00:00:00.000000000Z","138","137.1","143.39","132.5","137.9697739256408","7159095.01269","8663679.19172593859363041848049","9226"
"bitflyer-xrp-jpy-spot","2021-11-05T00:00:00.000000000Z","137.1","131.96","137.1","129","133.3237626211633","3374172.046291","3952073.40499125434625153650942","3830"
"bitflyer-xrp-jpy-spot","2021-11-06T00:00:00.000000000Z","131.620000000000005","131","133.6","125.1","129.7632897616656","2994828.613896","3420855.24945088418231617326777","3458"
"bitflyer-xrp-jpy-spot","2021-11-07T00:00:00.000000000Z","131","138.199999999999989","139.97","130.2","135.8455231024353","4014573.689666","4808362.07367749489317557091453","4548"
"bitflyer-xrp-jpy-spot","2021-11-08T00:00:00.000000000Z","138.25","144.96","146.84","138.25","143.2074350721775","9031806.361228","11425421.43443264954952736208956","9501"
"bitflyer-xrp-jpy-spot","2021-11-09T00:00:00.000000000Z","144.92","141.76","145.82","138.5","141.3779648018167","7399920.63545","9285309.79831620039541254595144","6659"
"bitflyer-xrp-jpy-spot","2021-11-10T00:00:00.000000000Z","141.68","136","152.5","132.2","143.3320480468621","9919041.524218","12532362.7490763343575063430829","12851"
"bitflyer-xrp-jpy-spot","2021-11-11T00:00:00.000000000Z","136","138.909999999999997","143.2","134.68","138.8686586490919","4092071.30986","4979021.2664569023281576993859","5053"
"bitflyer-xrp-jpy-spot","2021-11-12T00:00:00.000000000Z","138.800000000000011","135.57","141","131.66","135.5824421465751","4317581.350596","5124191.3500284625341973143027","4786"
"bitflyer-xrp-jpy-spot","2021-11-13T00:00:00.000000000Z","135.57","135.91","137.05","133.3","135.3664771570034","1694840.901728","2010294.1032310062118210576934","1664"
"bitflyer-xrp-jpy-spot","2021-11-14T00:00:00.000000000Z","135.91","135.39","136.82","133.34","135.1104617558664","1611179.688338","1908386.3599989776707293225167","1325"
"bitflyer-xrp-jpy-spot","2021-11-15T00:00:00.000000000Z","135.41","134.07","138.98","133.5","136.5004129876954","3920929.845064","4693562.9657778942302574599216","2867"
"bitflyer-xrp-jpy-spot","2021-11-16T00:00:00.000000000Z","133.79","125.200000000000003","134.02","119.91","126.8938740769502","6040422.092819","6704537.9491794902167504999954","6114"
"bitflyer-xrp-jpy-spot","2021-11-17T00:00:00.000000000Z","125.200000000000003","125.18","127.82","122","124.8004023363383","2400571.164459","2608921.548022403461693321373","2936"
"bitflyer-xrp-jpy-spot","2021-11-18T00:00:00.000000000Z","125.15","119.35","132.92","116.5","123.6571003081658","4377851.918227","4733715.5897558228037479577666","7104"
"bitflyer-xrp-jpy-spot","2021-11-19T00:00:00.000000000Z","119.2","124.52","125.6","116.7","121.0994974694185","3954939.847011","4190375.2614177554476649179366","3497"
"bitflyer-xrp-jpy-spot","2021-11-20T00:00:00.000000000Z","124.52","125.62","125.9","121.3","124.3735552440217","1756792.268016","1912120.0129414240322741244584","3892"
"bitflyer-xrp-jpy-spot","2021-11-21T00:00:00.000000000Z","125.62","121.06","125.69","120.74","123.3081773149729","1644878.297257","1774872.5840404639300533521195","2531"
"bitflyer-xrp-jpy-spot","2021-11-22T00:00:00.000000000Z","121.2","119.37","122.55","117.61","119.6883130236767","2367764.466697","2476806.7562845626551701532748","3169"
"bitflyer-xrp-jpy-spot","2021-11-23T00:00:00.000000000Z","119.27","122.99","123.3","117.2","120.1941916450192","2340448.406631","2446125.938108631952622866781","3533"
"bitflyer-xrp-jpy-spot","2021-11-24T00:00:00.000000000Z","122.94","119.59","123.6","116.61","119.417481906581","3509109.958271","3636610.0859691370791700909103","3285"
"bitflyer-xrp-jpy-spot","2021-11-25T00:00:00.000000000Z","119.59","120.08","122.85","118.03","120.4784080104753","2793098.510653","2915766.9298444470266884248823","3437"
"bitflyer-xrp-jpy-spot","2021-11-26T00:00:00.000000000Z","120.38","106.22","120.38","105","111.2503130074972","8260592.564868","8037704.4951578851772441321616","11684"
"bitflyer-xrp-jpy-spot","2021-11-27T00:00:00.000000000Z","106.22","107.39","109.85","106.1","108.1883516381949","2413203.567213","2296140.5428257607229278561186","3094"
"bitflyer-xrp-jpy-spot","2021-11-28T00:00:00.000000000Z","107.56","110.23","110.28","101","105.7258570633067","3872981.715074","3602916.9274476981841904131745","5240"
"bitflyer-xrp-jpy-spot","2021-11-29T00:00:00.000000000Z","110.3","112.91","113.96","108.21","111.4352036293595","3788031.772321","3715347.9445051035901741081212","4562"
"bitflyer-xrp-jpy-spot","2021-11-30T00:00:00.000000000Z","112.91","113.56","116.39","109.86","113.3887549229882","5113355.583128","5119934.3723411271148750582718","7811"
"bitflyer-xrp-jpy-spot","2021-12-01T00:00:00.000000000Z","113.29","112.01","115.42","110.83","113.8074546583045","2402561.208689","2412507.7098726672224371385929","4171"
"bitflyer-xrp-jpy-spot","2021-12-02T00:00:00.000000000Z","112.01","110.16","112.01","108.4","110.3106370864498","2345240.639052","2286453.3537092961117940853382","3377"
"bitflyer-xrp-jpy-spot","2021-12-03T00:00:00.000000000Z","110.09","104.56","111.63","101.5","107.6249192537232","3485292.420328","3313419.6790807090655791186628","3969"
"bitflyer-xrp-jpy-spot","2021-12-04T00:00:00.000000000Z","104.56","95.96","104.71","80.95","90.8701612374814","11391159.985981","8977461.2100513192755431424052","13077"
"bitflyer-xrp-jpy-spot","2021-12-05T00:00:00.000000000Z","95.76","91.4","97.82","87.61","92.64112194457361","5201187.430019","4253840.3344835734228235518633","5507"
"bitflyer-xrp-jpy-spot","2021-12-06T00:00:00.000000000Z","91.42","93.82","94.48","85.16","89.14839333506201","4981336.987301","3916521.7314840270314422130891","6392"
"bitflyer-xrp-jpy-spot","2021-12-07T00:00:00.000000000Z","93.99","92.63","96.22","91.5","94.31442897495361","3699735.625258","3071040.566184466632713187566","4265"
"bitflyer-xrp-jpy-spot","2021-12-08T00:00:00.000000000Z","92.63","98.01","100.4","90.68","94.42705656919407","5153604.451616","4281076.409172341224161417304","5751"
"bitflyer-xrp-jpy-spot","2021-12-09T00:00:00.000000000Z","98.23","97.7","105.8","94.62","100.4300428610929","5137166.743373","4540494.0110190749808251769874","7125"
"bitflyer-xrp-jpy-spot","2021-12-10T00:00:00.000000000Z","97.63","90.75","100.27","90.18","95.8110211982209","4196766.72359","3537983.4604200193574326085756","6235"
"bitflyer-xrp-jpy-spot","2021-12-11T00:00:00.000000000Z","90.91","95.31","95.71","89.15","93.60576090860877","1874900.266163","1544933.6749971733214675307965","2275"
"bitflyer-xrp-jpy-spot","2021-12-12T00:00:00.000000000Z","95.43","95.6","97.25","92.1","94.72335437965876","1673892.813873","1396088.0706362881955745864442","1896"
"bitflyer-xrp-jpy-spot","2021-12-13T00:00:00.000000000Z","95.6","89.13","95.92","86.7","91.56327336769128","3752601.298879","3021846.0289460623856674328875","4601"
"bitflyer-xrp-jpy-spot","2021-12-14T00:00:00.000000000Z","89.13","92.3","93.39","88.01","90.3618714878865","3705411.197089","2942991.4326762441663689394565","4119"
"bitflyer-xrp-jpy-spot","2021-12-15T00:00:00.000000000Z","92.3","94.38","95.75","88.6","92.21571387276513","3178094.394837","2573809.9169370684862745037555","3623"
"bitflyer-xrp-jpy-spot","2021-12-16T00:00:00.000000000Z","94.38","91.64","95.5","91.45","94.03090976254746","2191759.224018","1806946.1600396172702622415602","2621"
"bitflyer-xrp-jpy-spot","2021-12-17T00:00:00.000000000Z","91.45","90.73","94.54","88.11","91.63294729625659","3099347.656043","2498740.9660916884523053892512","4211"
"bitflyer-xrp-jpy-spot","2021-12-18T00:00:00.000000000Z","90.99","93.97","94.92","90.11","93.07449230870726","1780434.401331","1456792.0392135698100379824209","2179"
"bitflyer-xrp-jpy-spot","2021-12-19T00:00:00.000000000Z","93.97","94.7","96.28","93.3","94.83525395930707","1623443.99046","1354475.2679434572153378172869","2089"
"bitflyer-xrp-jpy-spot","2021-12-20T00:00:00.000000000Z","94.7","99.89","103.72","93.61","98.6273027876099","5410446.718036","4699805.7543274795360804642899","6036"
"bitflyer-xrp-jpy-spot","2021-12-21T00:00:00.000000000Z","100.09","107.76","109.71","96.85","102.9990756435627","4169119.80024","3770795.084720553909493924613","4987"
"bitflyer-xrp-jpy-spot","2021-12-22T00:00:00.000000000Z","107.87","108.85","111","105.6","108.5967012892188","2998102.007586","2851986.0976775033128452092169","3519"
"bitflyer-xrp-jpy-spot","2021-12-23T00:00:00.000000000Z","109.05","113.59","116.24","107.1","112.7894904023245","4521059.716823","4461203.8669898138397173829097","5690"
"bitflyer-xrp-jpy-spot","2021-12-24T00:00:00.000000000Z","113.59","104.25","114.13","102.48","108.3399837126089","5577560.793491","5291997.6693792142048190135297","6245"
"bitflyer-xrp-jpy-spot","2021-12-25T00:00:00.000000000Z","104.08","105.98","106.95","102.7","105.4657760893042","2238500.551953","2064129.9451640988212633062286","2517"
"bitflyer-xrp-jpy-spot","2021-12-26T00:00:00.000000000Z","105.91","105.23","106.72","103.65","104.9705663181598","1715398.442525","1574564.8451998395386464642866","1997"
"bitflyer-xrp-jpy-spot","2021-12-27T00:00:00.000000000Z","105.24","106.32","109.7","104.5","106.6206331169662","2969539.353295","2764703.973368519894435013004","2494"
"bitflyer-xrp-jpy-spot","2021-12-28T00:00:00.000000000Z","106.24","97.72","106.24","97.34","101.6879034982708","3763265.484565","3334723.2425475533414198471963","4512"
"bitflyer-xrp-jpy-spot","2021-12-29T00:00:00.000000000Z","97.72","93.88","99.18","93.41","96.13563172034968","4528081.899945","3789204.4403247268279106481244","4516"
"bitflyer-xrp-jpy-spot","2021-12-30T00:00:00.000000000Z","93.88","96.26","99","92.4","95.91186101543303","2367501.897895","1974175.6161339832871780499325","2778"
"bitflyer-xrp-jpy-spot","2021-12-31T00:00:00.000000000Z","96.26","95.57","98.05","92.37","95.81795613100072","5772278.00641","4838403.1438693784222853066456","3981"
"bitflyer-xrp-jpy-spot","2022-01-01T00:00:00.000000000Z","95.57","98","98.36","95.57","97.13208780157935","2464598.857772","2078199.348964276763701676927","2279"
"bitflyer-xrp-jpy-spot","2022-01-02T00:00:00.000000000Z","98","99.16","99.5","96.42","97.70041559005354","1533142.066028","1300535.3633302084224635561419","1697"
"bitflyer-xrp-jpy-spot","2022-01-03T00:00:00.000000000Z","99.16","96.14","99.16","94.86","96.97117910174922","1763074.888054","1482140.5703001643292320462379","1714"
"bitflyer-xrp-jpy-spot","2022-01-04T00:00:00.000000000Z","96.31","95.71","98.28","95.24","96.34508684355583","2273719.007088","1888414.4777254870033233064408","2251"
"bitflyer-xrp-jpy-spot","2022-01-05T00:00:00.000000000Z","95.71","90.03","96.99","85","92.54718486862421","3592486.553619","2857606.4125796575018741553581","4405"
"bitflyer-xrp-jpy-spot","2022-01-06T00:00:00.000000000Z","89.82","90.52","91.76","86","88.29824573779484","3557327.999359","2702105.6790205796078436991551","4392"
"bitflyer-xrp-jpy-spot","2022-01-07T00:00:00.000000000Z","90.47","88.01","90.5","84.8","87.66783849391307","3633794.678886","2744178.6816626479730766092085","4315"
"bitflyer-xrp-jpy-spot","2022-01-08T00:00:00.000000000Z","88.5","86.21","89.9","83.83","87.4741788025645","2667605.386758","2015066.8869128374538205767541","2816"
"bitflyer-xrp-jpy-spot","2022-01-09T00:00:00.000000000Z","86.21","87.36","88.77","85.47","86.86953677221699","1367836.527953","1026224.1386778135609688619271","1480"
"bitflyer-xrp-jpy-spot","2022-01-10T00:00:00.000000000Z","87.36","85.3","88","81","84.51296309600431","3128073.91716","2288682.4872068017790167451643","3656"
"bitflyer-xrp-jpy-spot","2022-01-11T00:00:00.000000000Z","85.5","88.96","89.79","84.5","86.58863750317852","2552021.551276","1911530.4435164096944027923514","4633"
"bitflyer-xrp-jpy-spot","2022-01-12T00:00:00.000000000Z","89.05","91.7","92.41","87.52","90.10121599427978","2814773.583043","2197883.0421657402630210896042","5210"
"bitflyer-xrp-jpy-spot","2022-01-13T00:00:00.000000000Z","91.7","87.6","92.05","86.96","90.24766270219285","2128266.398878","1676137.5979907611233454770654","2770"
"bitflyer-xrp-jpy-spot","2022-01-14T00:00:00.000000000Z","87.85","88.48","90.16","85.82","88.1479516264619","1759059.604191","1358979.622980689133296024531","2234"
"bitflyer-xrp-jpy-spot","2022-01-15T00:00:00.000000000Z","88.48","89.24","90.19","87.69","89.00774948253141","951687.096366","740210.3081428926020967441565","1224"
"bitflyer-xrp-jpy-spot","2022-01-16T00:00:00.000000000Z","89.24","89.01","89.77","88","89.04986262208602","956832.224687","744918.8456040907294318191384","1238"
"bitflyer-xrp-jpy-spot","2022-01-17T00:00:00.000000000Z","89.16","87.3","89.3","86.05","87.6937347650923","1770926.700678","1354181.1553542910688109322813","2089"
"bitflyer-xrp-jpy-spot","2022-01-18T00:00:00.000000000Z","87.3","86.42","88.1","84.5","86.25774889160359","2140240.467773","1607305.7419719976958902836976","2418"
"bitflyer-xrp-jpy-spot","2022-01-19T00:00:00.000000000Z","86.36","84.63","86.36","82.97","84.74787563370956","1716325.499894","1269140.6699704572475078098285","2151"
"bitflyer-xrp-jpy-spot","2022-01-20T00:00:00.000000000Z","84.71","82.16","87","81.72","84.50149849620741","1910207.025035","1412484.6899007605561423115646","2773"
"bitflyer-xrp-jpy-spot","2022-01-21T00:00:00.000000000Z","81.98","72.81","83.06","70.06","77.58782718787759","5110756.362996","3479402.9674275510069731363416","6476"
"bitflyer-xrp-jpy-spot","2022-01-22T00:00:00.000000000Z","72.82","67.96","74.53","60.81","67.77244031021121","8784857.330202","5232226.7639153063336660037479","8700"
"bitflyer-xrp-jpy-spot","2022-01-23T00:00:00.000000000Z","67.96","71.65","72.3","67.42","69.7481317136612","5635900.387015","3445895.8119031789752678075554","4842"
"bitflyer-xrp-jpy-spot","2022-01-24T00:00:00.000000000Z","71.6","69.85","71.62","63.19","67.26892297746278","5828849.86021","3437673.1046223326841468351265","6235"
"bitflyer-xrp-jpy-spot","2022-01-25T00:00:00.000000000Z","69.85","70.29","71.04","67","69.04409438271015","3477842.462206","2105450.1082326255480643786261","3197"
"bitflyer-xrp-jpy-spot","2022-01-26T00:00:00.000000000Z","70.51","71.22","74.56","69.4","71.67812120958918","4858188.87693","3045280.1121049568428719327402","4944"
"bitflyer-xrp-jpy-spot","2022-01-27T00:00:00.000000000Z","71.18","70.35","71.8","67.62","68.7027721836883","8173335.741522","4904742.4659073957354518532153","4048"
"bitflyer-xrp-jpy-spot","2022-01-28T00:00:00.000000000Z","70.25","70.58","70.89","68.55","69.76708307616079","7489691.837542","4538079.6476851787978918188916","3766"
"bitflyer-xrp-jpy-spot","2022-01-29T00:00:00.000000000Z","70.58","71.32","72.06","70.18","71.03756305177027","1492081.090553","919245.7270774381105074672959","1823"
"bitflyer-xrp-jpy-spot","2022-01-30T00:00:00.000000000Z","71.32","69.32","72","69","70.61442032831372","1303725.771631","797396.3552397423057871730622","1573"
"bitflyer-xrp-jpy-spot","2022-01-31T00:00:00.000000000Z","69.5","70.97","71.85","67.26","68.64210330847289","2708386.765351","1609695.9262952119563847452649","2764"
"bitflyer-xrp-jpy-spot","2022-02-01T00:00:00.000000000Z","70.97","72.2","72.41","70.19","71.35176341975654","1933391.821656","1200480.6724627280580102636743","1976"
"bitflyer-xrp-jpy-spot","2022-02-02T00:00:00.000000000Z","72.11","68.7","72.54","68.19","70.65799167244459","1480326.176298","913130.7357246494091534690561","1875"
"bitflyer-xrp-jpy-spot","2022-02-03T00:00:00.000000000Z","68.7","70","70.2","67.8","68.93874466316169","1821736.263285","1093389.4919402210675420678784","1660"
"bitflyer-xrp-jpy-spot","2022-02-04T00:00:00.000000000Z","69.94","75.56","75.86","69.5","71.98677314637832","2258763.034888","1411937.6124325030281943242369","2567"
"bitflyer-xrp-jpy-spot","2022-02-05T00:00:00.000000000Z","75.63","76.78","79.26","74.8","77.19691659992269","2610945.164282","1749466.5718875980462207905865","2930"
"bitflyer-xrp-jpy-spot","2022-02-06T00:00:00.000000000Z","76.78","78.77","79.5","76.02","77.36568424741421","1854629.469833","1244788.6742887383782530095378","1959"
"bitflyer-xrp-jpy-spot","2022-02-07T00:00:00.000000000Z","78.77","95.8","97","77.36","89.01970210821564","6829794.707726","5278114.3193628897122137386273","8390"
"bitflyer-xrp-jpy-spot","2022-02-08T00:00:00.000000000Z","95.78","101.23","105.56","92.73","98.8986761524079","11892331.155226","10192141.106547772597487279557","12863"
"bitflyer-xrp-jpy-spot","2022-02-09T00:00:00.000000000Z","101.29","100.7","104.51","97.6","100.3179271981904","11691258.503623","10174080.8741196460666532409973","10807"
"bitflyer-xrp-jpy-spot","2022-02-10T00:00:00.000000000Z","100.8","96.05","104.05","95.6","100.15344932835","5460421.240447","4718047.7845587811872867088542","6747"
"bitflyer-xrp-jpy-spot","2022-02-11T00:00:00.000000000Z","95.82","87.63","97.19","86.4","92.21976330518933","6896272.054881","5495368.5843821636684749425883","6778"
"bitflyer-xrp-jpy-spot","2022-02-12T00:00:00.000000000Z","87.63","94.9","98.32","86.24","92.51510133682412","5365377.443978","4297001.3033817886795266504484","5867"
"bitflyer-xrp-jpy-spot","2022-02-13T00:00:00.000000000Z","94.88","93.24","97.95","91.62","95.39294955393343","5105290.907325","4215005.7991767679176600171737","5123"
"bitflyer-xrp-jpy-spot","2022-02-14T00:00:00.000000000Z","93.44","92.72","94","89.62","91.7627117485008","3606028.673031","2864009.3513509642328525801619","4113"
"bitflyer-xrp-jpy-spot","2022-02-15T00:00:00.000000000Z","92.86","98.5","99.4","92.09","95.88917206972592","3560073.082602","2950472.3054094757514573561236","3874"
"bitflyer-xrp-jpy-spot","2022-02-16T00:00:00.000000000Z","98.5","96.69","98.5","93.61","96.17502369412054","4115297.471924","3422279.5818804674723263449285","4668"
"bitflyer-xrp-jpy-spot","2022-02-17T00:00:00.000000000Z","96.69","88.3","97.57","86.68","92.69732552765535","4831836.56608","3889043.9512576694675783900389","5475"
"bitflyer-xrp-jpy-spot","2022-02-18T00:00:00.000000000Z","88.3","90.3","92.92","87.04","89.92348195107196","4584835.961102","3577924.7256585340722811665138","4867"
"bitflyer-xrp-jpy-spot","2022-02-19T00:00:00.000000000Z","90.46","94.78","98.2","88.51","93.40458494787089","6016325.458819","4879819.1163842717370743827409","6689"
"bitflyer-xrp-jpy-spot","2022-02-20T00:00:00.000000000Z","94.78","89.34","94.78","88.27","91.01857405259558","5631345.687289","4452582.0679434718672237445678","5636"
"bitflyer-xrp-jpy-spot","2022-02-21T00:00:00.000000000Z","89.53","80.49","92.31","79.5","87.21351740424414","8149357.650802","6185861.2119585836454820285528","8076"
"bitflyer-xrp-jpy-spot","2022-02-22T00:00:00.000000000Z","80.5","83.18","83.8","76.41","80.38957503719903","7715267.013152","5393805.5755101620249628672702","7051"
"bitflyer-xrp-jpy-spot","2022-02-23T00:00:00.000000000Z","83.18","80.1","85.79","79.78","82.83922865688212","4613656.450999","3322306.0764943860703697998012","4961"
"bitflyer-xrp-jpy-spot","2022-02-24T00:00:00.000000000Z","80.05","80.54","83.35","71.36","76.2384002697846","12818830.936607","8496538.0310603541281415360294","11046"
"bitflyer-xrp-jpy-spot","2022-02-25T00:00:00.000000000Z","80.62","89.02","89.95","78.27","80.8569662032556","16017393.835278","11266409.6607285951477159550638","10546"
"bitflyer-xrp-jpy-spot","2022-02-26T00:00:00.000000000Z","89","86.82","91.32","85.77","88.48774519261512","4587197.525042","3514448.6201498106554127347771","4772"
"bitflyer-xrp-jpy-spot","2022-02-27T00:00:00.000000000Z","86.89","83.52","88.7","81.22","85.02774693680447","4776959.294928","3514427.8515949195656023434169","5005"
"bitflyer-xrp-jpy-spot","2022-02-28T00:00:00.000000000Z","83.47","89.88","91","81.79","85.62076517548731","5294525.068036","3929362.6402476273905318337341","5624"
"bitflyer-xrp-jpy-spot","2022-03-01T00:00:00.000000000Z","89.86","90.18","92.5","87.14","89.48770230131585","4236053.714257","3298744.5537125338780238830516","4856"
"bitflyer-xrp-jpy-spot","2022-03-02T00:00:00.000000000Z","90.13","88.93","90.25","84.1","88.69978328133718","3428108.568378","2644133.4252271058062043044832","3747"
"bitflyer-xrp-jpy-spot","2022-03-03T00:00:00.000000000Z","88.91","86.74","91.3","85","88.31737701698067","2700072.101312","2061141.564178713263552616506","3046"
"bitflyer-xrp-jpy-spot","2022-03-04T00:00:00.000000000Z","86.74","82.13","87.09","80.44","83.96159588241416","2928298.344229","2132255.8305704823234155548494","3509"
"bitflyer-xrp-jpy-spot","2022-03-05T00:00:00.000000000Z","82.13","86.79","88.47","81.23","85.7046221360668","2964787.579017","2209285.8597461182971715582238","3845"
"bitflyer-xrp-jpy-spot","2022-03-06T00:00:00.000000000Z","86.79","83.64","87.24","83.1","85.11169777512049","2121225.38568","1569189.0123697832826040127188","2989"
"bitflyer-xrp-jpy-spot","2022-03-07T00:00:00.000000000Z","83.64","83.3","86.85","81.4","84.16360720687355","3102972.119243","2265181.8409463542155160130182","4292"
"bitflyer-xrp-jpy-spot","2022-03-08T00:00:00.000000000Z","83.3","83.63","84.5","82.55","83.68849748673355","2039603.760023","1475974.4478976726901803986343","2303"
"bitflyer-xrp-jpy-spot","2022-03-09T00:00:00.000000000Z","83.63","88.82","89.64","83.59","86.86964119957399","3229795.886754","2422001.2585671902409334420977","3726"
"bitflyer-xrp-jpy-spot","2022-03-10T00:00:00.000000000Z","88.71","85.5","90.2","84","86.0643448899218","3394218.007455","2517616.858952333752540596358","3588"
"bitflyer-xrp-jpy-spot","2022-03-11T00:00:00.000000000Z","85.5","94.15","95.1","84.53","89.63756592331778","3989030.508274","3057024.09344427063943454924","4458"
"bitflyer-xrp-jpy-spot","2022-03-12T00:00:00.000000000Z","94","92.33","99.4","91.2","94.90920503547383","6497582.288255","5262606.6790295904129310841687","6506"
"bitflyer-xrp-jpy-spot","2022-03-13T00:00:00.000000000Z","92.17","89.39","94.4","88.01","92.2296365636189","2636532.855615","2072079.8506451832138265672619","3082"
"bitflyer-xrp-jpy-spot","2022-03-14T00:00:00.000000000Z","89.4","91.65","91.9","87.72","90.00224909375606","2901907.342744","2216992.1737482234815271094444","3060"
"bitflyer-xrp-jpy-spot","2022-03-15T00:00:00.000000000Z","91.65","90.58","91.82","87.64","89.75795612936054","2882242.179653","2189869.0064985099972069800541300573021424442461","2459"
"bitflyer-xrp-jpy-spot","2022-03-16T00:00:00.000000000Z","90.58","94.09","94.42","89.45","91.92183707734972","3161610.407573","2454315.7382628917454657113130567454558732003182","3601"
"bitflyer-xrp-jpy-spot","2022-03-17T00:00:00.000000000Z","94.09","94.07","95.03","92.85","94.04699219170948","2085064.480513","1651818.4417814338431401014770331506936297365892","2974"
"bitflyer-xrp-jpy-spot","2022-03-18T00:00:00.000000000Z","94.07","95","95.25","92.6","94.02384138088975","2256593.900317","1783577.8459768463584982912227374944115491319396","2428"
"bitflyer-xrp-jpy-spot","2022-03-19T00:00:00.000000000Z","95","97.7","98.4","94.43","96.86645724403303","3564099.799513","2898957.8347305040778327323485447940104931146853","3735"
"bitflyer-xrp-jpy-spot","2022-03-20T00:00:00.000000000Z","97.79","96.08","97.99","95","96.28136772351333","1637510.085331","1323094.1276730773562844905371317126950296694574","1856"
"bitflyer-xrp-jpy-spot","2022-03-21T00:00:00.000000000Z","96.25","100.21","102","94.02","98.00637066477634","3162698.317499","2597750.992226619179063325331635176377153991893","3566"
"bitflyer-xrp-jpy-spot","2022-03-22T00:00:00.000000000Z","100.21","101.63","103.89","100","101.9169645861074","3218696.878387","2727942.1067218350298311897714842100045708100553","5673"
"bitflyer-xrp-jpy-spot","2022-03-23T00:00:00.000000000Z","101.63","101.37","102.5","99.06","100.3972547564815","2143857.780479","1779190.0101735649158994453203141696989100635207","2868"
"bitflyer-xrp-jpy-spot","2022-03-24T00:00:00.000000000Z","101.37","103.21","103.93","100.5","102.0435477995378","2386756.915782","2002249.9273991287623302029337538264101532010303","3060"
"bitflyer-xrp-jpy-spot","2022-03-25T00:00:00.000000000Z","103.15","100.75","103.21","100.05","102.0830815235358","2441560.957232","2045862.9678682927850332657196297077285426271284","2777"
"bitflyer-xrp-jpy-spot","2022-03-26T00:00:00.000000000Z","100.75","101.68","102.04","100.28","101.195597926674","1237266.352129","1025425.8693487917876870013476990512634990620393","1421"
"bitflyer-xrp-jpy-spot","2022-03-27T00:00:00.000000000Z","101.68","104.89","104.89","101.12","102.8790133928426","2248942.380763","1896627.4409095730252387321177969528534205874365","2319"
"bitflyer-xrp-jpy-spot","2022-03-28T00:00:00.000000000Z","104.84","106.74","112.65","104.2","108.4448837257947","6727263.693651","5910979.980439961219826287262047651739992607151","7818"
"bitflyer-xrp-jpy-spot","2022-03-29T00:00:00.000000000Z","106.5","105.68","109.49","103.84","107.2573529874635","4277846.031197","3730665.2727942916777226512674181170203664488405","5706"
"bitflyer-xrp-jpy-spot","2022-03-30T00:00:00.000000000Z","105.59","105","106.28","103.5","104.793617440326","2103707.373198","1808963.3242499459228824662456567901192818544928","3396"
"bitflyer-xrp-jpy-spot","2022-03-31T00:00:00.000000000Z","105","99.19","106.39","95.76","101.8921106339129","3529230.199227","2955558.5078511410302879321074524575124456750674","5499"
"bitflyer-xrp-jpy-spot","2022-04-01T00:00:00.000000000Z","99.54","101.45","102.5","99","100.7663727126476","2530518.283579","2080944.5573557548154329796064865507853683249249","3012"
"bitflyer-xrp-jpy-spot","2022-04-02T00:00:00.000000000Z","101.3","101.1","104.16","100.45","102.7839863393169","2731459.957814","2291320.2416899283401072631694209637684301951643","3239"
"bitflyer-xrp-jpy-spot","2022-04-03T00:00:00.000000000Z","101.1","103.45","104.3","99.95","102.3736517582092","1526716.375239","1275386.1881130287589315525296333764984730279411","2261"
"bitflyer-xrp-jpy-spot","2022-04-04T00:00:00.000000000Z","103.36","101.55","103.36","98.96","101.7447037386","2050920.429442","1700930.1048519590120413376876326822068545159573","2718"
"bitflyer-xrp-jpy-spot","2022-04-05T00:00:00.000000000Z","101.55","101.09","103.3","100.7","101.5279119562291","1336574.482594","1102982.6116091911603883082670438278317123283799","1837"
"bitflyer-xrp-jpy-spot","2022-04-06T00:00:00.000000000Z","101.01","94.25","101.44","93.7","97.54076824973446","3191657.30135","2512266.1147081774478028279253416083077949179578","4451"
"bitflyer-xrp-jpy-spot","2022-04-07T00:00:00.000000000Z","94.31","97.71","98.8","93.06","96.13110511470572","1819998.476063","1411989.9509081958626075424208541396669249737272","2419"
"bitflyer-xrp-jpy-spot","2022-04-08T00:00:00.000000000Z","97.71","94","98.49","93","96.05091554659255","1796188.705948","1387582.1748693724708050468816659593144862279436","2363"
"bitflyer-xrp-jpy-spot","2022-04-09T00:00:00.000000000Z","93.85","94.94","95.47","93.85","94.65340306845337","921276.091457","700961.5689095391911330139234632661753379538677","1057"
"bitflyer-xrp-jpy-spot","2022-04-10T00:00:00.000000000Z","94.94","93.93","96.24","93.7","94.87795583387697","944660.466491","720705.2296683115246281674265006180021320507611","1170"
"bitflyer-xrp-jpy-spot","2022-04-11T00:00:00.000000000Z","93.99","87.23","94.2","85.59","90.01256997648106","3452859.963091","2478898.7762596813823782599757000349609798824346","4161"
"bitflyer-xrp-jpy-spot","2022-04-12T00:00:00.000000000Z","87.32","89.59","91.18","86.87","88.73932414801461","2157666.909756","1526115.447226335999853318822620832210671589916","2715"
"bitflyer-xrp-jpy-spot","2022-04-13T00:00:00.000000000Z","89.59","90.8","91.3","88.45","90.08291105354908","2189158.293604","1566986.9463572807448729086458560971441748990285","2312"
"bitflyer-xrp-jpy-spot","2022-04-14T00:00:00.000000000Z","90.93","91.83","92.93","89.3","91.20757162159077","1639871.529404","1190474.7268503312380195395850634148246039384077","2014"
"bitflyer-xrp-jpy-spot","2022-04-15T00:00:00.000000000Z","91.73","99.04","100.71","91.73","97.82172524718205","5330059.912954","4121844.1949823766730961394948743563822917257203","6151"
"bitflyer-xrp-jpy-spot","2022-04-16T00:00:00.000000000Z","99.38","99.01","101.03","97.1","98.94250501048088","2258586.492689","1765851.990861666053264984816068917689618017475","2433"
"bitflyer-xrp-jpy-spot","2022-04-17T00:00:00.000000000Z","99.01","95.59","99.42","94.77","97.60249353535862","1827401.816224","1409009.8095142275983133238311043567172133370248","1996"
"bitflyer-xrp-jpy-spot","2022-04-18T00:00:00.000000000Z","95.41","97.88","97.88","92.45","94.58578481633471","3064436.432074","2286479.1361492294095602799775254437005975983246","3594"
"bitflyer-xrp-jpy-spot","2022-04-19T00:00:00.000000000Z","97.88","100.21","100.5","97.37","99.05743580862305","2588830.4818","1997332.74783045388782834266844155520400738286119","2920"
"bitflyer-xrp-jpy-spot","2022-04-20T00:00:00.000000000Z","100.1","96.39","100.1","95.01","97.79745786546458","2575941.0187","1965425.53231576228733704167061931721741774891448","2504"
"bitflyer-xrp-jpy-spot","2022-04-21T00:00:00.000000000Z","96.3","94.34","98.8","92.45","96.06483349842327","3000025.330889","2246269.3500639105936169614884756557552899614956","4020"
"bitflyer-xrp-jpy-spot","2022-04-22T00:00:00.000000000Z","94.27","92.32","94.94","91.85","93.39996462314683","2584951.809542","1878263.37155698501281808975803945534841670654925","3653"
"bitflyer-xrp-jpy-spot","2022-04-23T00:00:00.000000000Z","92.4","90.85","93.43","90.51","91.76770358114028","1319822.569807","942034.95658769198977378728882073063479205307122","2144"
"bitflyer-xrp-jpy-spot","2022-04-24T00:00:00.000000000Z","90.91","89.87","91.71","89.38","90.68969570299634","1660009.039435","1170776.45738000893603794703533254719772835782893","2666"
"bitflyer-xrp-jpy-spot","2022-04-25T00:00:00.000000000Z","89.89","88.59","90.01","82.9","85.91194356914497","5896827.525306","3947287.3727299372681572017348445586152350821549","6827"
"bitflyer-xrp-jpy-spot","2022-04-26T00:00:00.000000000Z","88.73","81.81","90.08","80.1","85.20870974673905","3668767.611095","2451366.71624491647875193703494135995780268851854","5021"
"bitflyer-xrp-jpy-spot","2022-04-27T00:00:00.000000000Z","81.93","83.8","84.91","81.33","83.34513522016316","3430059.00019","2232813.00241204581991990161035342753907921192503","3991"
"bitflyer-xrp-jpy-spot","2022-04-28T00:00:00.000000000Z","83.9","84.25","86","83","84.47128278310941","3524629.928877","2282809.54450376043321222131624288465114081160575","3881"
"bitflyer-xrp-jpy-spot","2022-04-29T00:00:00.000000000Z","84.27","79.49","84.55","77.97","81.34891813457429","3418329.611117","2135595.16766406430607240267612415271301318557624","4463"
"bitflyer-xrp-jpy-spot","2022-04-30T00:00:00.000000000Z","79.49","76.26","81.62","73.4","78.83838217884351","2640195.321376","1602087.51309047646402982415635930851639464286166","3857"
"bitflyer-xrp-jpy-spot","2022-05-01T00:00:00.000000000Z","76.14","79.05","79.54","75","77.21507778182283","3108396.621756","1847210.77924258202628512233729572719555145035535","3853"
"bitflyer-xrp-jpy-spot","2022-05-02T00:00:00.000000000Z","79.1","79.9","82.28","78","80.24315108248278","3522831.89684","2171384.05300740098011268793592391389777641195913","4384"
"bitflyer-xrp-jpy-spot","2022-05-03T00:00:00.000000000Z","79.9","78.8","81.58","77.54","79.90600054573626","1567497.352782","962442.51922696495479495913825705725676067737694","2493"
"bitflyer-xrp-jpy-spot","2022-05-04T00:00:00.000000000Z","78.76","83.54","84","78.65","80.93775027172434","2893588.01951","1803672.67731511438492071144199916945517436034865","3465"
"bitflyer-xrp-jpy-spot","2022-05-05T00:00:00.000000000Z","83.54","78.17","84.6","75.9","80.25964521784873","4278965.880828","2641122.15156971060057997462432597525732402348913","6394"
"bitflyer-xrp-jpy-spot","2022-05-06T00:00:00.000000000Z","78.17","78.7","80.66","76.83","78.62331577434664","2967248.015115","1785277.7601410348271387061991428754423814672539","4847"
"bitflyer-xrp-jpy-spot","2022-05-07T00:00:00.000000000Z","78.7","75.96","79.05","74.5","77.02113716516394","2027962.844649","1195043.4505403726759855490754725442906103125948","2495"
"bitflyer-xrp-jpy-spot","2022-05-08T00:00:00.000000000Z","75.98","74.12","76.19","72.95","74.75131097855243","2132834.782454","1219561.67785832872547698808804075823516642178598","3166"
"bitflyer-xrp-jpy-spot","2022-05-09T00:00:00.000000000Z","74.19","63.52","78.1","62.2","68.91082853145244","8070220.8495","4248751.33074202498094736002514006487874009509481","8328"
"bitflyer-xrp-jpy-spot","2022-05-10T00:00:00.000000000Z","63.43","67.1","70","61.7","66.91329533459584","7816280.906456","4007281.48752158286944092246176406753190421421644","8492"
"bitflyer-xrp-jpy-spot","2022-05-11T00:00:00.000000000Z","67.21","54.3","68.3","47.9","58.90475911347875","13173812.873738","5939045.3363699922889504525558372097952295009186","11814"
"bitflyer-xrp-jpy-spot","2022-05-12T00:00:00.000000000Z","54.3","49.42","55.75","43.9","49.1556924369446","15181119.586206","5754263.55751322582619472330685716275702273512913","12577"
"bitflyer-xrp-jpy-spot","2022-05-13T00:00:00.000000000Z","49.39","54.79","59.9","48.86","55.52694001209529","8518137.797803","3654900.12146576567973603828047328842135878434123","7463"
"bitflyer-xrp-jpy-spot","2022-05-14T00:00:00.000000000Z","54.79","55.1","57.14","51.13","54.07519436493369","5068199.570756","2115325.89452222641041405507751147019310629206087","4384"
"bitflyer-xrp-jpy-spot","2022-05-15T00:00:00.000000000Z","55.2","57.94","58.37","53.52","55.26210339168173","4043732.320058","1726101.15956662030819619932009865158687507105586","3922"
"bitflyer-xrp-jpy-spot","2022-05-16T00:00:00.000000000Z","57.82","54.52","57.92","52.65","54.99138879056416","5124835.085469","2180132.7987765356448261417539752524729482569591","5004"
"bitflyer-xrp-jpy-spot","2022-05-17T00:00:00.000000000Z","54.6","56.63","56.95","53.9","55.70829516115694","4141571.75342","1782046.26737734764442837256895312706317589425072","3857"
"bitflyer-xrp-jpy-spot","2022-05-18T00:00:00.000000000Z","56.7","51.79","57.21","51.61","54.15213097003502","6001805.803225","2521198.71367739427481122603775247590333677685793","4930"
"bitflyer-xrp-jpy-spot","2022-05-19T00:00:00.000000000Z","51.84","53.73","54.14","50.3","52.28834798889171","3950421.829831","1612004.20517261734367907428214526526366386912244","3925"
"bitflyer-xrp-jpy-spot","2022-05-20T00:00:00.000000000Z","53.7","52.53","56.31","51.25","54.20276026801183","4434235.58754","1877901.57659989386658093396927148534994846694095","3667"
"bitflyer-xrp-jpy-spot","2022-05-21T00:00:00.000000000Z","52.48","53.09","53.56","51.62","52.65691569116593","2259382.962659","929055.12828866551526496630636716016592871042305","2764"
"bitflyer-xrp-jpy-spot","2022-05-22T00:00:00.000000000Z","53.17","53.92","54.4","52.5","53.44517863246887","1535263.306267","641063.813356552240037806368223061921960030076","1825"
"bitflyer-xrp-jpy-spot","2022-05-23T00:00:00.000000000Z","53.91","51.68","54.8","51.2","53.42426050146709","4409323.60248","1843196.4682891430563722292212579736979347809917","3554"
"bitflyer-xrp-jpy-spot","2022-05-24T00:00:00.000000000Z","51.71","51.69","52.8","49.43","51.46686859429317","5382218.167587","2175236.4028133771493955050043187890514910643261","5570"
"bitflyer-xrp-jpy-spot","2022-05-25T00:00:00.000000000Z","51.79","51.58","52.61","50.19","51.47167074998165","4730490.237122","1914646.8687431326569927712778251810939489268532","5213"
"bitflyer-xrp-jpy-spot","2022-05-26T00:00:00.000000000Z","51.54","49.79","52.26","48","50.12645112125683","6214122.181903","2449495.2773028997385755799869005318550985087766","7131"
"bitflyer-xrp-jpy-spot","2022-05-27T00:00:00.000000000Z","49.77","48.51","51.14","47.79","49.57922547436872","6193559.992504","2414983.7547301560511916171438428078536102055715","6156"
"bitflyer-xrp-jpy-spot","2022-05-28T00:00:00.000000000Z","48.61","49.08","49.4","48.4","49.00069263911113","1901068.006596","732160.482941971282711019570694639609533990423","1925"
"bitflyer-xrp-jpy-spot","2022-05-29T00:00:00.000000000Z","49.04","49.5","49.59","48.3","48.99020294579323","1968827.839461","758063.0910629975895839419070020231592045673015","1917"
"bitflyer-xrp-jpy-spot","2022-05-30T00:00:00.000000000Z","49.5","53.45","53.56","49.12","51.3574667116999","4280360.738684","1725342.4430016020701796252873201175343926014757","3138"
"bitflyer-xrp-jpy-spot","2022-05-31T00:00:00.000000000Z","53.53","54.09","55.47","52.13","53.57898893803421","3524706.011594","1472289.62164606392946812315560293249138764847148","3232"
"bitflyer-xrp-jpy-spot","2022-06-01T00:00:00.000000000Z","54.09","51.76","54.91","50.5","53.03498320068949","3085060.499965","1261584.85909018067340360209962517072536439586769","4083"
"bitflyer-xrp-jpy-spot","2022-06-02T00:00:00.000000000Z","51.76","52.61","52.8","50.72","51.57483657454693","2435416.62884","966825.80543581919709894621712632507620497776653","2732"
"bitflyer-xrp-jpy-spot","2022-06-03T00:00:00.000000000Z","52.63","51.07","53.2","50.16","51.57637451884316","3081913.133542","1219413.97119287239264791272991192237788140815801","2557"
"bitflyer-xrp-jpy-spot","2022-06-04T00:00:00.000000000Z","51.1","51.3","51.5","50.36","51.00601570863568","970425.879421","378069.42245351905648220815176310862069117255875","1299"
"bitflyer-xrp-jpy-spot","2022-06-05T00:00:00.000000000Z","51.35","51.7","52.23","50.93","51.51720030047027","952306.423481","375025.05662951296164920294570296107757949654843","1249"
"bitflyer-xrp-jpy-spot","2022-06-06T00:00:00.000000000Z","51.7","53.21","53.44","51.44","52.66362505075366","2186935.5004","879473.88321517988599478167122657016417457973781","2622"
"bitflyer-xrp-jpy-spot","2022-06-07T00:00:00.000000000Z","53.21","54.04","55.29","51","52.78374161350961","4282079.078044","1704943.2552606310976935898927469944100191077826","3803"
"bitflyer-xrp-jpy-spot","2022-06-08T00:00:00.000000000Z","54.04","53.83","58.22","52.49","53.64085205890376","4354984.815675","1747539.77354310568027034066418074999184757638711","2999"
"bitflyer-xrp-jpy-spot","2022-06-09T00:00:00.000000000Z","53.83","53.77","53.99","53.03","53.66311874418358","1450637.490751","581019.82114435906467678091865742369589645775397","1577"
"bitflyer-xrp-jpy-spot","2022-06-10T00:00:00.000000000Z","53.66","51.35","55","50.5","52.71939945613558","3339316.22303","1312125.29061938109434161478296703413510942699546","3370"
"bitflyer-xrp-jpy-spot","2022-06-11T00:00:00.000000000Z","51.3","48.4","52.28","47.93","49.72811458633948","3199940.59981","1182671.66305758591852007375756941449262918115378","3145"
"bitflyer-xrp-jpy-spot","2022-06-12T00:00:00.000000000Z","48.43","46.29","49.16","45.75","47.07909154821704","4497041.011301","1572417.07582669883989503218141764742252509556219","4669"
"bitflyer-xrp-jpy-spot","2022-06-13T00:00:00.000000000Z","46.32","41.98","47.34","40.39","43.20478197909239","11418564.583562","3660994.60862219700771722882266432098486767799023","9830"
"bitflyer-xrp-jpy-spot","2022-06-14T00:00:00.000000000Z","41.89","43.43","44.2","39.52","42.30349114127064","6572073.607897","2061975.24850835225044956936003932204928916597389","5817"
"bitflyer-xrp-jpy-spot","2022-06-15T00:00:00.000000000Z","43.45","46.03","46.4","40.04","42.42536853645123","9081193.237242","2861049.94176058898430243463150350088295446487303","7301"
"bitflyer-xrp-jpy-spot","2022-06-16T00:00:00.000000000Z","46.05","41.42","46.5","40.73","43.0123635391521","5425530.261264","1750142.62167211141457526400826520513074201019379","5162"
"bitflyer-xrp-jpy-spot","2022-06-17T00:00:00.000000000Z","41.47","43.38","45.65","41.11","43.87344085415665","5790223.159442","1891247.837551788134153582025839241428290971774","4580"
"bitflyer-xrp-jpy-spot","2022-06-18T00:00:00.000000000Z","43.38","41.68","44.11","38.93","41.39942442314489","6383524.53084","1954116.19710551935870843795909420734591413194826","4747"
"bitflyer-xrp-jpy-spot","2022-06-19T00:00:00.000000000Z","41.68","44.1","45","40.3","42.42000575637324","3754972.575288","1178507.06224969201366828245738935082476706670377","3235"
"bitflyer-xrp-jpy-spot","2022-06-20T00:00:00.000000000Z","44.13","43.54","44.38","42.3","43.35015747317676","3719497.532974","1193912.9523537280943867268352773510990420346316","3212"
"bitflyer-xrp-jpy-spot","2022-06-21T00:00:00.000000000Z","43.55","44.87","45.9","43","44.51849963841289","4046008.479152","1326342.45240636715946216969787773419062079127246","3974"
"bitflyer-xrp-jpy-spot","2022-06-22T00:00:00.000000000Z","44.88","43.83","44.9","43.4","43.96592803416348","3052569.059536","985174.76792196563213174092700693922028419493039","3101"
"bitflyer-xrp-jpy-spot","2022-06-23T00:00:00.000000000Z","43.8","45.25","45.48","43.61","44.34966593873085","2309616.408939","757146.20535470504312197240839878178257237543795","2254"
"bitflyer-xrp-jpy-spot","2022-06-24T00:00:00.000000000Z","45.25","49.66","52.18","45.2","49.54976086946817","8123906.770056","2983282.99056569981553655586160416998856431251228","6783"
"bitflyer-xrp-jpy-spot","2022-06-25T00:00:00.000000000Z","49.71","49.73","50.47","47.99","49.54464991388056","2855013.115944","1045486.28768297523340242058695911095145981470153","2299"
"bitflyer-xrp-jpy-spot","2022-06-26T00:00:00.000000000Z","49.73","48.62","50.7","48.3","49.44782168632663","1761292.357081","643959.16460635782775671151173402088410773757878","2144"
"bitflyer-xrp-jpy-spot","2022-06-27T00:00:00.000000000Z","48.57","47.92","49.47","47.13","48.55566258543873","2140203.752163","768546.3380135990730943370884781243700436893471","2010"
"bitflyer-xrp-jpy-spot","2022-06-28T00:00:00.000000000Z","47.92","45.85","48.23","45.64","46.86687074203671","3438638.667684","1185256.57457309623312898899173817887713273975424","3780"
"bitflyer-xrp-jpy-spot","2022-06-29T00:00:00.000000000Z","45.85","45","46.44","43.9","45.05044966154675","3452029.326668","1139634.68101423725425854156790595918054446198637","11960"
"bitflyer-xrp-jpy-spot","2022-06-30T00:00:00.000000000Z","45.01","45.07","45.19","41.69","43.28663170007843","6629011.105115","2106792.59983665693250332444015017692381237034605","24252"
"bitflyer-xrp-jpy-spot","2022-07-01T00:00:00.000000000Z","45.06","42.43","45.66","41.88","43.02845382149019","7972441.469306","2532535.89374332596772062619490011463007377263594","27980"
"bitflyer-xrp-jpy-spot","2022-07-02T00:00:00.000000000Z","42.44","42.65","42.95","41.91","42.36936581082127","3699372.678604","1157338.889735842423746818474865750941437935531","18549"
"bitflyer-xrp-jpy-spot","2022-07-03T00:00:00.000000000Z","42.64","43.41","44.03","41.84","42.72219331195692","3415602.578188","1077799.45463927719997827578887747782204738076525","20967"
"bitflyer-xrp-jpy-spot","2022-07-04T00:00:00.000000000Z","43.41","44.71","44.77","42.61","43.69322999860659","5005543.303727","1613541.66981047104628187732584313525058845310579","25439"
"bitflyer-xrp-jpy-spot","2022-07-05T00:00:00.000000000Z","44.71","44.01","45","42.56","43.82946103995791","5519730.256861","1778807.95934900445319869809414252932946505234082","23078"
"bitflyer-xrp-jpy-spot","2022-07-06T00:00:00.000000000Z","44","45.14","45.39","43.19","44.00242252157991","4557948.527676","1479065.19026512893284036726959939339601814719417","25813"
"bitflyer-xrp-jpy-spot","2022-07-07T00:00:00.000000000Z","45.12","46.47","46.9","44.29","45.46061942849428","4605048.38744","1540498.65510439797358624862859519720758520381574","23381"
"bitflyer-xrp-jpy-spot","2022-07-08T00:00:00.000000000Z","46.46","46.34","48.6","45.75","47.12260760797248","7583280.6911","2628682.93022994046046852609120569751335400290233","26132"
"bitflyer-xrp-jpy-spot","2022-07-09T00:00:00.000000000Z","46.3","46.89","47.3","46.19","46.72213137290415","1929491.023819","662262.63099707413534733933314461247779580696082","11137"
"bitflyer-xrp-jpy-spot","2022-07-10T00:00:00.000000000Z","46.89","44.37","46.9","43.6","45.12814394035296","3743169.619279","1240584.27250157361279769123899512366119848564044","15869"
"bitflyer-xrp-jpy-spot","2022-07-11T00:00:00.000000000Z","44.37","43.31","45.17","42.67","44.12715474108858","4489606.789615","1443943.52102360002624627300074116867299098121811","16592"
"bitflyer-xrp-jpy-spot","2022-07-12T00:00:00.000000000Z","43.3","42.6","43.69","42.11","42.879923776043","4176214.330877","1305654.6652095618062778590957399656380676277569","19508"
"bitflyer-xrp-jpy-spot","2022-07-13T00:00:00.000000000Z","42.6","44.51","44.81","41.74","43.15860837990861","6400462.836734","2009724.83176979503451800048237595719430530733078","23939"
"bitflyer-xrp-jpy-spot","2022-07-14T00:00:00.000000000Z","44.53","46.25","46.39","43.43","44.47355863283","4682937.971174","1500457.17858559818090256401013810580782255252922","22777"
"bitflyer-xrp-jpy-spot","2022-07-15T00:00:00.000000000Z","46.27","46.31","48.35","45.26","46.73181547118346","9170480.271121","3089072.74988510118685408553289893003575551307615","26890"
"bitflyer-xrp-jpy-spot","2022-07-16T00:00:00.000000000Z","46.31","48.49","49.31","45.87","47.54842248241957","5521680.218265","1895452.12470012189934438609025504622209713559912","21921"
"bitflyer-xrp-jpy-spot","2022-07-17T00:00:00.000000000Z","48.5","47.52","50","47.39","48.68734792233397","6300663.597443","2214403.84758109264898599703125263665596725041738","18064"
"bitflyer-xrp-jpy-spot","2022-07-18T00:00:00.000000000Z","47.56","50.53","51.07","47.49","49.89596788127874","8891725.618417","3211242.17902372687949918214466881874996023418327","29505"
"bitflyer-xrp-jpy-spot","2022-07-19T00:00:00.000000000Z","50.59","51.55","52","48.6","50.21768574814282","7231385.915609","2631535.65382761107293697349617887202851308091861","25178"
"bitflyer-xrp-jpy-spot","2022-07-20T00:00:00.000000000Z","51.52","50.29","52.8","49.48","51.31934420979178","5496998.800325","2041015.29258201930373821486200388057117237084015","25965"
"bitflyer-xrp-jpy-spot","2022-07-21T00:00:00.000000000Z","50.31","50.3","50.8","48.15","49.44654827209077","5153630.788697","1844357.313281981419827507441709443311275986214","22140"
"bitflyer-xrp-jpy-spot","2022-07-22T00:00:00.000000000Z","50.3","48.76","50.89","48.28","49.90903920978667","5508805.279932","2007487.54383183759006807393105707246334753503347","21943"
"bitflyer-xrp-jpy-spot","2022-07-23T00:00:00.000000000Z","48.76","48.93","49.45","47.6","48.52541731851453","3459308.285225","1232265.36563403849760718663449517668306104031207","20600"
"bitflyer-xrp-jpy-spot","2022-07-24T00:00:00.000000000Z","48.96","48.96","49.87","48.5","49.28254237456765","3207900.816285","1161597.11809817394406399772516698370952195539328","24451"
"bitflyer-xrp-jpy-spot","2022-07-25T00:00:00.000000000Z","48.96","45.82","49.17","45.75","47.26181120994136","4412486.856578","1527561.6563446098415047017167785409890006349461","26688"
"bitflyer-xrp-jpy-spot","2022-07-26T00:00:00.000000000Z","45.86","46.26","46.4","44.54","45.38710455173349","4733586.880762","1572173.68266849831709833904665159522124537519489","26391"
"bitflyer-xrp-jpy-spot","2022-07-27T00:00:00.000000000Z","46.26","48.89","49.06","45.28","46.92508578612156","4881607.500674","1673389.59471015569577063389235395478603220569826","23478"
"bitflyer-xrp-jpy-spot","2022-07-28T00:00:00.000000000Z","48.89","50.19","50.83","45.89","48.76774992593492","6429681.834436","2324795.6936638628553973929339680374252768241022","17919"
"bitflyer-xrp-jpy-spot","2022-07-29T00:00:00.000000000Z","50.19","48.99","50.5","48","49.52983058855938","5808631.392273","2154474.85845808189573511629581997706197127763209","15665"
"bitflyer-xrp-jpy-spot","2022-07-30T00:00:00.000000000Z","48.99","51.67","54.47","48.49","51.90341680368929","7289364.896919","2840574.66420711949153632343242959001676980010547","25292"
"bitflyer-xrp-jpy-spot","2022-07-31T00:00:00.000000000Z","51.67","50.71","53.09","50.59","51.9111524808199","4391748.65442","1710334.4581062791781413349802313965559844674447","20431"
"bitflyer-xrp-jpy-spot","2022-08-01T00:00:00.000000000Z","50.7","49.88","51.18","49.04","50.0233839577983","4724220.683472","1787394.16575363076275438834409679944341435896766","22352"
"bitflyer-xrp-jpy-spot","2022-08-02T00:00:00.000000000Z","49.88","49.51","51.78","48","49.13678163904158","6403392.475842","2393326.01444978212145028996970991313756638641297","26934"
"bitflyer-xrp-jpy-spot","2022-08-03T00:00:00.000000000Z","49.53","49.53","50.56","48.47","49.58566981131586","2881319.312131","1069362.64150609118856405408881161203690582888726","14548"
"bitflyer-xrp-jpy-spot","2022-08-04T00:00:00.000000000Z","49.51","49.23","50.26","48.56","49.39957436908289","2111445.304256","780561.82517332184026022668796242106710645205817","11448"
"bitflyer-xrp-jpy-spot","2022-08-05T00:00:00.000000000Z","49.23","50.86","50.89","49.23","50.12245611687506","2519809.000737","941801.07388871412129977800768993737790258159342","10607"
"bitflyer-xrp-jpy-spot","2022-08-06T00:00:00.000000000Z","50.85","50.18","50.99","50.06","50.52188617301839","1240041.880816","464161.25706409397415345193473847931216097169658","8866"
"bitflyer-xrp-jpy-spot","2022-08-07T00:00:00.000000000Z","50.18","50.33","50.95","49.76","50.35799720818689","1414876.833442","527494.83107157275017739464909621193759989828792","14823"
"bitflyer-xrp-jpy-spot","2022-08-08T00:00:00.000000000Z","50.32","51.1","51.79","50.21","51.22305608027194","3098244.927119","1176188.80284609812513586543174172586380946722345","22835"
"bitflyer-xrp-jpy-spot","2022-08-09T00:00:00.000000000Z","51.1","49.71","51.28","48.8","50.05086094216216","2809378.941657","1041282.81736703999208970997511061292613817043961","21436"
"bitflyer-xrp-jpy-spot","2022-08-10T00:00:00.000000000Z","49.69","50.72","50.76","48.24","49.67487383064282","5017489.105199","1862899.88232247630542951717946314327786005035613","24439"
"bitflyer-xrp-jpy-spot","2022-08-11T00:00:00.000000000Z","50.74","50.63","51.29","50.09","50.69653630039405","3258656.754004","1244690.53685182221787865883151049010162609204942","24715"
"bitflyer-xrp-jpy-spot","2022-08-12T00:00:00.000000000Z","50.63","50.71","50.77","49.6","50.24313242898256","1997446.135041","751836.50227600289695862261433867290054452207481","19449"
"bitflyer-xrp-jpy-spot","2022-08-13T00:00:00.000000000Z","50.74","50.51","51.66","50.3","50.79595439896455","2733413.934945","1040844.55216006554630663786627799163528250586073","19968"
"bitflyer-xrp-jpy-spot","2022-08-14T00:00:00.000000000Z","50.51","50.17","52.29","50.03","51.12211744617215","2968874.178309","1136792.67551575938028578920595713339130564026472","12582"
"bitflyer-xrp-jpy-spot","2022-08-15T00:00:00.000000000Z","50.17","49.99","51.36","48.79","49.84371500208398","3245831.777583","1213487.19390421648719976509961273420283877118414","21362"
"bitflyer-xrp-jpy-spot","2022-08-16T00:00:00.000000000Z","50.01","50.64","50.8","48.99","50.02186118237751","2679737.002157","1000241.90253983301912719775042626076979618192658","21865"
"bitflyer-xrp-jpy-spot","2022-08-17T00:00:00.000000000Z","50.63","51.27","52.59","49.81","51.36240287199775","4410617.002404","1682421.89765461594938597511804740356387709566109","26643"
"bitflyer-xrp-jpy-spot","2022-08-18T00:00:00.000000000Z","51.27","50.37","51.62","50.2","50.91835030706416","2577930.621454","969794.97085080750508762932120577352140410775958","20302"
"bitflyer-xrp-jpy-spot","2022-08-19T00:00:00.000000000Z","50.35","45.89","50.43","45.5","47.36014116059382","6574551.157004","2277717.34440751171259838453646348188023845597137","29899"
"bitflyer-xrp-jpy-spot","2022-08-20T00:00:00.000000000Z","45.88","46.28","47.01","45.59","46.47955675005172","2496076.308256","846861.6996144666761443966181983184564912951653","14153"
"bitflyer-xrp-jpy-spot","2022-08-21T00:00:00.000000000Z","46.27","47.3","47.73","46.02","46.96316965367931","1947230.682978","667523.7002913277523932469203442425939758835908","9872"
"bitflyer-xrp-jpy-spot","2022-08-22T00:00:00.000000000Z","47.31","47.31","47.44","45.45","46.48544022162166","3275506.216363","1109035.12716302286740273456241058120712102956249","21192"
"bitflyer-xrp-jpy-spot","2022-08-23T00:00:00.000000000Z","47.31","47.48","47.59","45.74","46.80790558650822","2485449.182093","848583.24600633958215745492368009205735489622962","19017"
"bitflyer-xrp-jpy-spot","2022-08-24T00:00:00.000000000Z","47.51","47.39","48.29","46.4","47.20204986910736","2022807.044846","697276.70107082761058765741149718288387176510158","14610"
"bitflyer-xrp-jpy-spot","2022-08-25T00:00:00.000000000Z","47.39","47.73","48.11","47.03","47.55300571586815","1887011.999439","656310.06080858076907211970361647955655769742323","18611"
"bitflyer-xrp-jpy-spot","2022-08-26T00:00:00.000000000Z","47.72","46.7","50.78","45.72","47.87865203119002","9302633.11018","3249294.37361296689008195324318008453920697761732","29889"
"bitflyer-xrp-jpy-spot","2022-08-27T00:00:00.000000000Z","46.69","46.1","47.43","45.28","46.1817685072695","2488152.901461","834623.50944079981446716640632413237865886218376","21863"
"bitflyer-xrp-jpy-spot","2022-08-28T00:00:00.000000000Z","46.1","44.68","46.42","44.51","45.71666953880547","2087618.871767","692422.21851894654289339680018231791352166740653","22826"
"bitflyer-xrp-jpy-spot","2022-08-29T00:00:00.000000000Z","44.63","46.3","46.3","44.22","44.98465492894291","4483082.726404","1454256.50899403889367166703506556902080594487267","24495"
"bitflyer-xrp-jpy-spot","2022-08-30T00:00:00.000000000Z","46.28","45.35","46.61","44.49","45.61796714959656","2366502.058963","778793.55230475703813571507148862373511268789485","20661"
"bitflyer-xrp-jpy-spot","2022-08-31T00:00:00.000000000Z","45.43","45.7","46.35","44.83","45.73046984704474","1889865.658017","623119.02044380342264657865923666461145280166443","17154"
"bitflyer-xrp-jpy-spot","2022-09-01T00:00:00.000000000Z","45.69","46.67","46.69","45.04","45.71287301324825","2412824.757045","789178.04236594245307290302809559350987141647768","19425"
"bitflyer-xrp-jpy-spot","2022-09-02T00:00:00.000000000Z","46.67","46.5","47.06","45.65","46.34048229826553","3115669.505867","1029735.37437709201261467721839498888860738122955","22913"
"bitflyer-xrp-jpy-spot","2022-09-03T00:00:00.000000000Z","46.49","46.28","46.89","45.86","46.24700475397444","2084364.663087","687032.28475600917072758878248353270731760822891","22650"
"bitflyer-xrp-jpy-spot","2022-09-04T00:00:00.000000000Z","46.28","46.6","46.7","46.04","46.41516504831584","1088574.104723","360111.41303748161256886354710260675825739384059","20372"
"bitflyer-xrp-jpy-spot","2022-09-05T00:00:00.000000000Z","46.6","46.81","46.87","45.45","46.26337854385262","3713792.34231","1222840.0479478935246989281542742170548595108204","21076"
"bitflyer-xrp-jpy-spot","2022-09-06T00:00:00.000000000Z","46.82","46.09","48.19","45.71","47.21794980011871","4765487.704843","1587789.54654566801547613190673048066780864010776","34614"
"bitflyer-xrp-jpy-spot","2022-09-07T00:00:00.000000000Z","46.09","48.57","48.86","45","46.95515602037138","3923276.493561","1278510.53249224836319458498075033501763307061137","25627"
"bitflyer-xrp-jpy-spot","2022-09-08T00:00:00.000000000Z","48.58","48.86","49.4","47.27","48.0952233150745","3358751.276859","1122365.46067465946070506878090780786179206982102","25684"
"bitflyer-xrp-jpy-spot","2022-09-09T00:00:00.000000000Z","48.87","50.88","51.21","48.77","49.83280694573866","5290341.196296","1848198.90308694349011934982815312605393187808799","32622"
"bitflyer-xrp-jpy-spot","2022-09-10T00:00:00.000000000Z","50.9","50.9","51.69","50.03","50.7762508087026","4048581.524976","1442255.1615689206045816221027719752146711786689","33108"
"bitflyer-xrp-jpy-spot","2022-09-11T00:00:00.000000000Z","50.95","50.57","51.25","49.7","50.69972404780764","2978702.559343","1059928.17154527500419135480144168823739788714641","25756"
"bitflyer-xrp-jpy-spot","2022-09-12T00:00:00.000000000Z","50.6","51.31","51.37","49.73","50.5507201639153","4959079.952327","1757423.72452398018492920392518743369385495698935","32467"
"bitflyer-xrp-jpy-spot","2022-09-13T00:00:00.000000000Z","51.31","48.08","51.35","47.95","49.63373948854077","5115201.551501","1769656.19615304468442759783270685372547891576857","27931"
"bitflyer-xrp-jpy-spot","2022-09-14T00:00:00.000000000Z","48.08","48.9","49.31","47.74","48.33518621617443","2438879.78846","821143.4110920334192538389826941889","31272"
"bitflyer-xrp-jpy-spot","2022-09-15T00:00:00.000000000Z","48.83","46.81","49.03","46.55","47.58930768577564","3451146.501269","1143574.9318932021152206361323551047","29188"
"bitflyer-xrp-jpy-spot","2022-09-16T00:00:00.000000000Z","46.8","50.74","51.06","46.15","48.4184720682326","4829568.374708","1633101.109405388913258591058046055","35929"
"bitflyer-xrp-jpy-spot","2022-09-17T00:00:00.000000000Z","50.75","53.75","54.22","49.58","52.24813568720897","7344391.332036","2683732.4736616020854231657295769395","29111"
"bitflyer-xrp-jpy-spot","2022-09-18T00:00:00.000000000Z","53.84","51.1","56.9","50.72","54.1416144240369","10372172.191128","3927155.8844702882488934732987584915","43094"
"bitflyer-xrp-jpy-spot","2022-09-19T00:00:00.000000000Z","51.14","55.15","56.26","48.6","51.63579877365798","13430900.661995","4839525.7466764826895492962896081278","50816"
"bitflyer-xrp-jpy-spot","2022-09-20T00:00:00.000000000Z","55.14","59.46","60.89","53.06","56.74783449147727","20592647.10728","8138870.8955356083702594150351491998","52017"
"bitflyer-xrp-jpy-spot","2022-09-21T00:00:00.000000000Z","59.47","56.85","62.25","55.3","58.16204084570552","14991563.844918","6055745.1448210847624360224987446774","52148"
"bitflyer-xrp-jpy-spot","2022-09-22T00:00:00.000000000Z","56.88","69.19","70.98","56.8","63.70212144299308","17522825.505956","7820669.0080996865714957981561762021","53519"
"bitflyer-xrp-jpy-spot","2022-09-23T00:00:00.000000000Z","69.19","72.57","79.52","65.55","71.78357327528445","25348421.615888","12751107.9437854836118038806507480856","62881"
"bitflyer-xrp-jpy-spot","2022-09-24T00:00:00.000000000Z","72.66","69.88","74.35","67.6","70.99351795592604","12036212.730564","5963495.7070597288955758001511191373","52325"
"bitflyer-xrp-jpy-spot","2022-09-25T00:00:00.000000000Z","69.97","70.63","74.5","68.25","71.20190077809186","12340577.466861","6129414.6052193939984009812205908559","52015"
"bitflyer-xrp-jpy-spot","2022-09-26T00:00:00.000000000Z","70.6","67.71","72","66.03","68.2782811774529","10140316.571697","4806096.8326863082406718292401872536","32617"
"bitflyer-xrp-jpy-spot","2022-09-27T00:00:00.000000000Z","67.62","64.63","70.3","63","66.71971489515117","8470870.962392","3906710.6643569338865917790985017178","27410"
"bitflyer-xrp-jpy-spot","2022-09-28T00:00:00.000000000Z","64.59","64.8","65.7","60.44","62.57027634172643","6007586.986498","2599781.9208354597099401911664171336","23884"
"bitflyer-xrp-jpy-spot","2022-09-29T00:00:00.000000000Z","64.8","70.3","73.5","61.64","66.92280439202584","8316895.350477","3852325.4118895479254433110529727372","28991"
"bitflyer-xrp-jpy-spot","2022-09-30T00:00:00.000000000Z","70.34","69.51","72.16","68","69.79457694211433","8010574.878308","3866265.0922202623650508592371246295","29893"
"bitflyer-xrp-jpy-spot","2022-10-01T00:00:00.000000000Z","69.52","68.9","70.4","67.66","68.90636249550936","2944605.855611","420473.3180157591219563798252509651","24410"
"bitflyer-xrp-jpy-spot","2022-10-02T00:00:00.000000000Z","68.9","65.07","69.29","64.5","66.82031782717864","3764382.902362","1730403.2673153754757680400681422115","22229"
"bitflyer-xrp-jpy-spot","2022-10-03T00:00:00.000000000Z","65.03","66.86","67.8","63.49","65.29477869820594","4094475.079858","1845355.224732507305469973899206223","22161"
"bitflyer-xrp-jpy-spot","2022-10-04T00:00:00.000000000Z","66.85","68.89","69.99","65.39","68.13408471343516","4824471.710135","2274560.2602980014007366942816255327","28902"
"bitflyer-xrp-jpy-spot","2022-10-05T00:00:00.000000000Z","68.92","70.59","72.24","68.08","70.06401172347639","6722953.376391","3262519.0340497888478611878321136766","26053"
"bitflyer-xrp-jpy-spot","2022-10-06T00:00:00.000000000Z","70.59","71.58","73.09","70.54","71.90308274198388","4509710.949428","2240673.7875373160429048112475462758","25453"
"bitflyer-xrp-jpy-spot","2022-10-07T00:00:00.000000000Z","71.64","75.16","76.98","69.98","72.72263561797126","5789395.814938","2898515.4685490527062304160949606735","31352"
"bitflyer-xrp-jpy-spot","2022-10-08T00:00:00.000000000Z","75.32","75.27","76.87","74.4","75.6473803290041","4589972.239478","2386739.6506751756388130152468882283","29558"
"bitflyer-xrp-jpy-spot","2022-10-09T00:00:00.000000000Z","75.18","77.46","79.2","73.54","76.20236840417864","3721203.411791","1949310.9229177933590244408772455425","37246"
"bitflyer-xrp-jpy-spot","2022-10-10T00:00:00.000000000Z","77.51","71.99","78.29","71.95","75.50395119729251","5981485.810875","3100200.4471388011577445251948999306","28272"
"bitflyer-xrp-jpy-spot","2022-10-11T00:00:00.000000000Z","72.04","70.97","73.16","69.7","71.58305460743313","6475643.734736","3178199.3941024045467226877586317309","32232"
"bitflyer-xrp-jpy-spot","2022-10-12T00:00:00.000000000Z","70.92","71.61","72.8","70.61","71.48796811066759","3320931.634633","1619798.921336775519300609158793122","40365"
"bitflyer-xrp-jpy-spot","2022-10-13T00:00:00.000000000Z","71.66","70.6","72.5","64.95","68.57513420903395","9094560.039376","4238634.726656448765317202931655175","36761"
"bitflyer-xrp-jpy-spot","2022-10-14T00:00:00.000000000Z","70.6","72.59","75.55","70.42","73.51923859824363","5387467.220197","2679482.5087182482017339783361004467","43604"
"bitflyer-xrp-jpy-spot","2022-10-15T00:00:00.000000000Z","72.59","71.65","72.84","71.04","72.08357097669071","1777942.631567","861803.6474658074416200741856999628","36690"
"bitflyer-xrp-jpy-spot","2022-10-16T00:00:00.000000000Z","71.65","70.84","72.5","69.87","71.17998318486598","2097155.244324","1004068.2383264330263119132228127903","33710"
"bitflyer-xrp-jpy-spot","2022-10-17T00:00:00.000000000Z","70.84","71.54","71.75","68.8","70.37818966194073","2988390.01479","1414672.8223619331314262647960521877","35840"
"bitflyer-xrp-jpy-spot","2022-10-18T00:00:00.000000000Z","71.51","69.51","71.99","68.78","70.0668714011916","2824038.499164","1327405.6190934846017439037620973128","19530"
"bitflyer-xrp-jpy-spot","2022-10-19T00:00:00.000000000Z","69.51","67.57","69.68","67.1","68.4594576303959","3477854.595514","1590778.0414821894432103552909805249","31092"
"bitflyer-xrp-jpy-spot","2022-10-20T00:00:00.000000000Z","67.57","67.13","69.59","64.2","67.60572098496136","5038810.485207","2269748.972361521258862231881993421","28315"
"bitflyer-xrp-jpy-spot","2022-10-21T00:00:00.000000000Z","67.11","68.19","68.23","65.51","66.77191753151239","3784522.260253","1690638.5581949204019198453197073337","27237"
"bitflyer-xrp-jpy-spot","2022-10-22T00:00:00.000000000Z","68.2","68.72","69.49","67.42","68.42252929463625","1657844.886384","767334.9628076301352241850677668105","34292"
"bitflyer-xrp-jpy-spot","2022-10-23T00:00:00.000000000Z","68.76","69.15","70.35","66.86","68.50533474904531","2676791.035517","1240411.921613346651451917364506156","25320"
"bitflyer-xrp-jpy-spot","2022-10-24T00:00:00.000000000Z","69.15","67.52","70.08","66.9","68.29329519458606","2629761.743759","1206333.6269468989192135752578495044","22783"
"bitflyer-xrp-jpy-spot","2022-10-25T00:00:00.000000000Z","67.52","68.13","69.73","66.15","67.71239797958148","3988485.070104","1821661.95391400228077282037081770082849991706242","27812"
"bitflyer-xrp-jpy-spot","2022-10-26T00:00:00.000000000Z","68.16","68.5","69","67.62","68.3180695044298","3543079.910375","1646921.58050590954768564559808684010625245974158","27197"
"bitflyer-xrp-jpy-spot","2022-10-27T00:00:00.000000000Z","68.5","67.55","70.33","67.2","68.83787753001659","4143285.836992","1951330.50189921470264916508057928138234501476972","28782"
"bitflyer-xrp-jpy-spot","2022-10-28T00:00:00.000000000Z","67.55","69.9","70.02","67.07","68.41192522620151","2444604.8246","1135874.17418682910099537974936356942865025885091","41152"
"bitflyer-xrp-jpy-spot","2022-10-29T00:00:00.000000000Z","69.9","69.43","71.18","68.85","69.87759770166394","3246738.615826","1538610.44635996013828338884547535380819866770142","25645"
"bitflyer-xrp-jpy-spot","2022-10-30T00:00:00.000000000Z","69.43","67.7","69.9","67.13","68.4073097315127","1957825.920161","549939.15311525045371163341888555972548919136847","22528"
"bitflyer-xrp-jpy-spot","2022-10-31T00:00:00.000000000Z","67.7","69.07","69.48","66.5","67.77531234485311","3251135.911842","554386.94323227610449711647713519893367155830532","28607"
"bitflyer-xrp-jpy-spot","2022-11-01T00:00:00.000000000Z","69.11","68.55","69.2","67.06","68.14488031286036","1881600.019819","866170.25066729924504092696809546008276870031765","28404"
"bitflyer-xrp-jpy-spot","2022-11-02T00:00:00.000000000Z","68.6","66.72","68.87","65.99","67.35039538600899","3276093.531761","1498249.41026034701303564823238520998326067884454","28660"
"bitflyer-xrp-jpy-spot","2022-11-03T00:00:00.000000000Z","66.63","67.49","68.23","66.49","67.44208968495209","835854.54169","381014.09689985565191843953769246053057056388963","14562"
"bitflyer-xrp-jpy-spot","2022-11-04T00:00:00.000000000Z","67.5","74.16","74.92","67.2","72.39559216084638","7713217.410556","3787591.58445077017380392959324686698176248224767","36371"
"bitflyer-xrp-jpy-spot","2022-11-05T00:00:00.000000000Z","74.11","72.38","74.58","71.86","73.10714218343727","2971055.781231","1481059.42355987521102291148173421774006873828789","19680"
"bitflyer-xrp-jpy-spot","2022-11-06T00:00:00.000000000Z","72.38","69.26","72.5","68.9","71.28242507981215","2757840.372203","1338608.36692520687443772560415462804325875539283","26146"
"bitflyer-xrp-jpy-spot","2022-11-07T00:00:00.000000000Z","69.27","68.26","70.35","67.5","69.06831013886395","2952857.998925","1387750.26502578305626370961053749690900674750437","33683"
"bitflyer-xrp-jpy-spot","2022-11-08T00:00:00.000000000Z","68.3","58.98","68.59","51.09","62.29191029129486","12052517.640142","5127859.36890810475898662548694746332839940120458","54701"
"bitflyer-xrp-jpy-spot","2022-11-09T00:00:00.000000000Z","59.04","48.76","59.75","46.86","53.68965408293382","15396936.954136","5639475.36918473958362133412171278074939826676328","57365"
"bitflyer-xrp-jpy-spot","2022-11-10T00:00:00.000000000Z","48.71","56.04","56.56","48.42","53.36736986881553","11151149.623476","3925002.73028662484858400870730613304439185339223","36401"
"bitflyer-xrp-jpy-spot","2022-11-11T00:00:00.000000000Z","56","53.27","56.68","50.9","53.59883351907694","6794357.923903","2590635.76111097638159911028753557034888884461612","31439"
"bitflyer-xrp-jpy-spot","2022-11-12T00:00:00.000000000Z","53.28","50.31","53.31","49.75","51.04532698806878","5077207.864941","1865468.41152469118692522525607536571854885105687","24593"
"bitflyer-xrp-jpy-spot","2022-11-13T00:00:00.000000000Z","50.31","47.41","51.07","46.13","48.62152063601948","5108249.341614","1786099.36600974451743983694717847466473582317831","16996"
"bitflyer-xrp-jpy-spot","2022-11-14T00:00:00.000000000Z","47.41","52.88","52.99","44.65","48.59523452455727","7739092.72804","2686722.59157270820316565575517249856487344266045","23792"
"bitflyer-xrp-jpy-spot","2022-11-15T00:00:00.000000000Z","52.87","53.94","55.12","51.43","53.23257981086919","6509451.787616","2477863.71162600147426248482848480671266187488999","25570"
"bitflyer-xrp-jpy-spot","2022-11-16T00:00:00.000000000Z","53.94","52.28","54.61","50.35","52.57826790555789","4816486.09474","1812437.19059419875453111699850870973907953601459","21717"
"bitflyer-xrp-jpy-spot","2022-11-17T00:00:00.000000000Z","52.3","53.6","53.86","51.63","52.7612385192476","4380131.716118","1650598.26379487931830677814840042580877690175292","25023"
"bitflyer-xrp-jpy-spot","2022-11-18T00:00:00.000000000Z","53.65","53.64","54.2","52.41","53.48101123283397","2564624.431527","978890.69203473843647769437467236698855991614251","32943"
"bitflyer-xrp-jpy-spot","2022-11-19T00:00:00.000000000Z","53.62","53.89","54.39","52.67","53.42396407012871","1261342.019571","479938.96208284222618930052949020659356628807548","30123"
"bitflyer-xrp-jpy-spot","2022-11-20T00:00:00.000000000Z","53.89","50.6","55.5","50.43","53.143266099903","3592886.937126","1360013.68698689305455707119701549730579781667899","30129"
"bitflyer-xrp-jpy-spot","2022-11-21T00:00:00.000000000Z","50.61","51.79","52.3","48.5","50.27465485810266","7021150.414602","2495563.02485561153046411269058302130529799378424","41129"
"bitflyer-xrp-jpy-spot","2022-11-22T00:00:00.000000000Z","51.78","52.98","53.34","49.8","51.67777437163697","3651371.678417","1332574.98162305850853905401193643882362071118638","36533"
"bitflyer-xrp-jpy-spot","2022-11-23T00:00:00.000000000Z","52.98","53.07","53.88","51.97","52.94724879517532","3674912.539218","1381656.55821092447558663724592689183413695533281","26727"
"bitflyer-xrp-jpy-spot","2022-11-24T00:00:00.000000000Z","53.07","55.68","56","51.9","54.04480763028273","3476935.295242","1355685.75754181972981678811693504637987297003378","22892"
"bitflyer-xrp-jpy-spot","2022-11-25T00:00:00.000000000Z","55.57","56.88","58.2","54.04","56.1856574879591","4381507.272746","1769835.95267992963599370879829359448753189216577","30231"
"bitflyer-xrp-jpy-spot","2022-11-26T00:00:00.000000000Z","56.89","55.28","57.88","54.82","56.42167520403761","1989533.923815","804882.08772720326824877379658707824564472274313","18511"
"bitflyer-xrp-jpy-spot","2022-11-27T00:00:00.000000000Z","55.35","55.25","57","55.1","56.18988169252039","2090911.372134","841631.2245060252486645686693553278959645392873","26349"
"bitflyer-xrp-jpy-spot","2022-11-28T00:00:00.000000000Z","55.25","54.06","55.64","52.1","53.2197971660004","2534363.533593","969894.40503977092659560463713818511636269014991","15286"
"bitflyer-xrp-jpy-spot","2022-11-29T00:00:00.000000000Z","54.02","55.23","56.07","53.28","54.46179087977767","2636526.486558","1034086.64656397514463791151427787021342907578388","34989"
"bitflyer-xrp-jpy-spot","2022-11-30T00:00:00.000000000Z","55.22","56.13","56.79","54.82","55.95413440824512","3105323.780175","1247628.99274712327136779224756589071323662896792","29456"
"bitflyer-xrp-jpy-spot","2022-12-01T00:00:00.000000000Z","56.12","53.84","56.28","53.57","54.70515580014036","2373383.977785","950255.69383772841871230634301625216260676827297","30598"
"bitflyer-xrp-jpy-spot","2022-12-02T00:00:00.000000000Z","53.84","53.36","54.06","52.15","52.80482367359277","2504330.374854","977417.66023655037007954282375392073951606588738","20381"
"bitflyer-xrp-jpy-spot","2022-12-03T00:00:00.000000000Z","53.36","52.15","53.5","51.99","52.84123879518823","1453085.128081","570439.14791730042554310398428934466139383705212","19834"
"bitflyer-xrp-jpy-spot","2022-12-04T00:00:00.000000000Z","52.15","52.42","52.88","52.03","52.51662441210898","1307086.513638","510169.36361061144218143948747907023607839508195","29356"
"bitflyer-xrp-jpy-spot","2022-12-05T00:00:00.000000000Z","52.43","53.1","53.7","52.24","52.93523081226853","1537680.59446","599657.97642902092829552073291217475431133589453","30331"
"bitflyer-xrp-jpy-spot","2022-12-06T00:00:00.000000000Z","53.1","53.56","53.69","52.16","52.84954404483108","2323020.34952","897092.71843403609480480168068625952724162205473","26367"
"bitflyer-xrp-jpy-spot","2022-12-07T00:00:00.000000000Z","53.55","52.37","53.8","51.53","52.41952488615103","1823292.928937","696323.50392737442605045359766267753880864409147","23685"
"bitflyer-xrp-jpy-spot","2022-12-08T00:00:00.000000000Z","52.39","53.82","54.19","52.33","53.14340981345411","2192282.853299","851692.61599951604060702097620829545406864397975","27427"
"bitflyer-xrp-jpy-spot","2022-12-09T00:00:00.000000000Z","53.84","53.17","53.99","52.6","53.20934496171327","1633591.656519","638092.63294888501693755277013285675681448114605","16347"
"bitflyer-xrp-jpy-spot","2022-12-10T00:00:00.000000000Z","53.17","52.83","53.23","52.72","53.01804893564446","645144.617753","250292.15217172038817563156444724053426929488157","14159"
"bitflyer-xrp-jpy-spot","2022-12-11T00:00:00.000000000Z","52.83","52.19","53.14","51.8","52.50630292165213","1198493.006535","460388.692445185416904216219054764813966153399","20734"
"bitflyer-xrp-jpy-spot","2022-12-12T00:00:00.000000000Z","52.17","53.23","53.56","50.96","51.77739384700809","2591610.184365","977795.30443446978383830676484972878912875867028","26430"
"bitflyer-xrp-jpy-spot","2022-12-13T00:00:00.000000000Z","53.24","53.58","53.87","52.14","52.92291823171952","2017609.995684","779496.56316916091139424407452838764970760948697","17246"
"bitflyer-xrp-jpy-spot","2022-12-14T00:00:00.000000000Z","53.58","52.25","53.6","51.51","52.61097062839068","1620456.250496","629954.50437791571201067183455574733988971605228","13137"
"bitflyer-xrp-jpy-spot","2022-12-15T00:00:00.000000000Z","52.25","52.12","52.75","51.12","51.88681562416489","1570820.331289","597408.94254293645294174611598088888405950520934","26845"
"bitflyer-xrp-jpy-spot","2022-12-16T00:00:00.000000000Z","52.12","48.15","52.2","47.21","49.66042918598444","3510420.627982","1271556.92989039118837112486794420296599283238863","43832"
"bitflyer-xrp-jpy-spot","2022-12-17T00:00:00.000000000Z","48.14","48.6","48.89","47.48","48.34006314622684","2606266.852063","920109.47956993167733315731177252119706349924272","23374"
"bitflyer-xrp-jpy-spot","2022-12-18T00:00:00.000000000Z","48.6","47.81","48.67","47.53","47.9990124278983","1352266.748977","474923.91115142668838377827963319230968328820308","28785"
"bitflyer-xrp-jpy-spot","2022-12-19T00:00:00.000000000Z","47.79","46.44","48.1","45.51","46.60816595042018","3536903.570535","1206879.88864190920929575978017342283724528045127","30199"
"bitflyer-xrp-jpy-spot","2022-12-20T00:00:00.000000000Z","46.44","46.01","47.13","45.08","45.832523126708","4074796.635238","1394080.99253156488670462615862535082466763487954","19500"
"bitflyer-xrp-jpy-spot","2022-12-21T00:00:00.000000000Z","46.08","45.72","46.2","44.8","45.32214655197342","1900919.834165","651534.2787390901580654676313778616555990214779","21910"
"bitflyer-xrp-jpy-spot","2022-12-22T00:00:00.000000000Z","45.72","46.25","46.4","45.12","45.71399274755581","1748854.265881","604092.63439891982597855938230655554791152727031","24327"
"bitflyer-xrp-jpy-spot","2022-12-23T00:00:00.000000000Z","46.24","47.13","47.21","46.02","46.46190490787007","969435.803874","339239.46883556018391582460081996603271297735222","32593"
"bitflyer-xrp-jpy-spot","2022-12-24T00:00:00.000000000Z","47.17","46.82","47.18","46.69","46.88255008037572","326867.546147","115237.36578115416679558700378153858119698502139","37145"
"bitflyer-xrp-jpy-spot","2022-12-25T00:00:00.000000000Z","46.83","46.04","46.87","45.7","46.17650134056458","786800.749345","273187.91516040760619149429253251500000060029512","39370"
"bitflyer-xrp-jpy-spot","2022-12-26T00:00:00.000000000Z","46.04","48.58","49.1","45.93","47.65819421345194","2365911.718795","848405.44081937535644990181892245438574683682816","23857"
"bitflyer-xrp-jpy-spot","2022-12-27T00:00:00.000000000Z","48.58","49.13","49.7","47.66","48.95557740280278","3339271.855555","1226484.65944831182719897853285169195068022201429","30567"
"bitflyer-xrp-jpy-spot","2022-12-28T00:00:00.000000000Z","49.13","47.72","49.3","47.64","48.44796314144772","3529714.19809","1275317.56937477424221048247304007899669618066044","17153"
"bitflyer-xrp-jpy-spot","2022-12-29T00:00:00.000000000Z","47.74","45.66","47.87","44.97","46.23651851061597","4517423.468293","1562325.21068644425256348757064763352093766730686","30406"
"bitflyer-xrp-jpy-spot","2022-12-30T00:00:00.000000000Z","45.66","45.28","45.81","44.4","44.85048995630754","3477320.762754","1178402.62135033391079973552088987188974350130737","21905"
"bitflyer-xrp-jpy-spot","2022-12-31T00:00:00.000000000Z","45.29","44.59","45.29","44.51","44.96810158691322","2096397.152612","718183.00052381394689543716369826159311866326143","19475"
"bitflyer-xrp-jpy-spot","2023-01-01T00:00:00.000000000Z","44.59","44.35","44.67","44.04","44.34169209602559","1138276.201282","384268.38889499143256009335947965209145455687367","14947"
"bitflyer-xrp-jpy-spot","2023-01-02T00:00:00.000000000Z","44.35","45.55","46.39","41","44.43406023276024","5066695.277385","1717897.69274726146332553740327938581339081841746","33586"
"bitflyer-xrp-jpy-spot","2023-01-03T00:00:00.000000000Z","45.55","45.12","45.76","44.42","45.06007391012203","3199283.652555","1104385.31797409081914173141199281067777210967212","33529"
"bitflyer-xrp-jpy-spot","2023-01-04T00:00:00.000000000Z","45.12","45.95","46.55","44.86","45.67150380903023","2952652.095117","1027044.1621572773236528922067964016653262037033","33417"
"bitflyer-xrp-jpy-spot","2023-01-05T00:00:00.000000000Z","45.95","45.03","46.1","44.71","45.4380609267747","1541574.16615","527083.68301429182194554912704826501767207993469","21637"
"bitflyer-xrp-jpy-spot","2023-01-06T00:00:00.000000000Z","45.03","45.53","45.7","44.41","45.06189640767949","2335393.896913","788611.50519512852588310584611368806279908725766","16519"
"bitflyer-xrp-jpy-spot","2023-01-07T00:00:00.000000000Z","45.55","45.52","45.67","45.16","45.44130716095425","723371.77321","248472.9382116913860838258781256522536250403763","12207"
"bitflyer-xrp-jpy-spot","2023-01-08T00:00:00.000000000Z","45.52","45.47","45.75","44.78","45.1212187801393","955157.530781","325785.74121582819114624291048759865004753892958","13413"
"bitflyer-xrp-jpy-spot","2023-01-09T00:00:00.000000000Z","45.48","46.04","47.05","45.39","46.30945025504582","3820953.921341","1341123.72607478959012937275890238190405334499269","23622"
"bitflyer-xrp-jpy-spot","2023-01-10T00:00:00.000000000Z","46.04","46.39","46.79","45.32","46.12542859393079","1726072.128715","602774.34858188444869961649784164668918239747507","17611"
"bitflyer-xrp-jpy-spot","2023-01-11T00:00:00.000000000Z","46.39","49.17","49.95","46.15","48.42088279178013","3722334.24297","1360543.39810381777634981161064235064669014129964","34801"
"bitflyer-xrp-jpy-spot","2023-01-12T00:00:00.000000000Z","49.17","48.46","50.13","47","48.6562825230423","4316008.173354","1607369.87635028719134808324143932754751446935285","28342"
"bitflyer-xrp-jpy-spot","2023-01-13T00:00:00.000000000Z","48.44","49.37","49.53","47.41","48.38665407126017","2777664.250142","1045965.02383786616472025699043388753712632370574","30386"
"bitflyer-xrp-jpy-spot","2023-01-14T00:00:00.000000000Z","49.38","50.62","52.4","48","50.73422757433488","6583476.699924","2610476.38806525414765036568909763902383737344316","35603"
"bitflyer-xrp-jpy-spot","2023-01-15T00:00:00.000000000Z","50.6","49.26","50.79","48.58","49.33477124697543","3893544.007143","1501444.7362352067532672098709129170967394577673","41107"
"bitflyer-xrp-jpy-spot","2023-01-16T00:00:00.000000000Z","49.23","49.57","51.78","48.6","50.15927299539037","6588752.304769","2578269.65256606307969020770298886452919598669219","38377"
"bitflyer-xrp-jpy-spot","2023-01-17T00:00:00.000000000Z","49.56","49.66","51.1","48.8","49.91960667570555","2832842.728087","1099910.33719155417129075465538715217499447017081","43358"
"bitflyer-xrp-jpy-spot","2023-01-18T00:00:00.000000000Z","49.65","48.73","51.26","47.43","49.5339734995202","6077175.116377","2331218.94770973491130843106180445648007244128644","40222"
"bitflyer-xrp-jpy-spot","2023-01-19T00:00:00.000000000Z","48.73","50.51","50.97","48.44","49.96807158627728","4323394.921765","1681778.51676560180818147141447658052856413395734","39563"
"bitflyer-xrp-jpy-spot","2023-01-20T00:00:00.000000000Z","50.51","53.47","53.54","49.89","51.77725608049264","3445814.745962","1378336.81172604519112754945876070546582756653613","36298"
"bitflyer-xrp-jpy-spot","2023-01-21T00:00:00.000000000Z","53.47","52.22","53.94","51.59","53.00471375065993","3827746.369293","1565323.43946737436055968853444442359560964358596","29651"
"bitflyer-xrp-jpy-spot","2023-01-22T00:00:00.000000000Z","52.22","51.9","53.46","51.4","52.32125448164768","2516264.263524","1015298.07256740470123307811748824067768480275812","31723"
"bitflyer-xrp-jpy-spot","2023-01-23T00:00:00.000000000Z","51.91","55.37","56.5","51.78","54.93758042181797","6401694.68492","2698330.44400428961831214520478352923761058428218","44451"
"bitflyer-xrp-jpy-spot","2023-01-24T00:00:00.000000000Z","55.39","53.15","56.15","52.57","54.75334059292043","8086057.983178","3398116.31613396467352714196236244380551630177135","37909"
"bitflyer-xrp-jpy-spot","2023-01-25T00:00:00.000000000Z","53.15","53.93","54.97","51.66","53.28104794873569","6198671.24099","2538493.21605645979736429884634855184888461917685","41603"
"bitflyer-xrp-jpy-spot","2023-01-26T00:00:00.000000000Z","54.02","53.23","54.13","52.86","53.43618627460116","9434693.047182","3886370.84123976991567469353365468568615845577967","36296"
"bitflyer-xrp-jpy-spot","2023-01-27T00:00:00.000000000Z","53.23","53.57","53.73","51.86","52.85126808775901","5603671.500841","2280497.54623916965442545433286371334472091456109","27925"
"bitflyer-xrp-jpy-spot","2023-01-28T00:00:00.000000000Z","53.59","53.02","54.26","52.81","53.33125755202572","1724770.028908","707900.43674316771657047246161346181306434310841","28832"
"bitflyer-xrp-jpy-spot","2023-01-29T00:00:00.000000000Z","53.03","53.77","54.23","52.91","53.57706075388084","2565461.316963","1058200.03070700176186318920598342593638591777311","33519"
"bitflyer-xrp-jpy-spot","2023-01-30T00:00:00.000000000Z","53.78","51.51","54.9","50.89","52.61578455352638","4142659.827259","1673747.58361471072628944854834916317792482897938","39402"
"bitflyer-xrp-jpy-spot","2023-01-31T00:00:00.000000000Z","51.51","52.83","53.58","50.72","51.91026951522929","2938462.586253","1170031.21328984433333339393619204432082881117871","32904"
"bitflyer-xrp-jpy-spot","2023-02-01T00:00:00.000000000Z","52.84","53.16","53.6","51.32","52.5836069955033","2722220.031337","1105161.70434632155440996688618175258253942832894","38218"
"bitflyer-xrp-jpy-spot","2023-02-02T00:00:00.000000000Z","53.19","52.85","53.78","52.61","53.2082367455859","3385010.226271","1401127.36684829749529295767697733152434938376163","35423"
"bitflyer-xrp-jpy-spot","2023-02-03T00:00:00.000000000Z","52.9","53.99","54.04","52.33","53.19236503532829","3325458.328801","1364219.81368274609887955087905906519061481227069","31216"
"bitflyer-xrp-jpy-spot","2023-02-04T00:00:00.000000000Z","53.99","53.92","55.1","53.5","54.114389356292","1718031.366014","708994.70482795441561657963096765521179883230682","35104"
"bitflyer-xrp-jpy-spot","2023-02-05T00:00:00.000000000Z","53.89","52.73","54.13","52","52.93923950836288","3102607.555087","1249019.83953396951777986245041130069330310859575","36208"
"bitflyer-xrp-jpy-spot","2023-02-06T00:00:00.000000000Z","52.73","52.06","53.47","51.95","52.69985658072153","2644838.992049","1053509.75594493927988536814765185499959691973991","26753"
"bitflyer-xrp-jpy-spot","2023-02-07T00:00:00.000000000Z","52.07","52.86","53.05","51.5","52.26362799077488","2879317.722489","1141772.62749040055141004765984111815404912547491","35599"
"bitflyer-xrp-jpy-spot","2023-02-08T00:00:00.000000000Z","52.86","52.29","53.06","51.8","52.51840429648873","2439269.51788","976291.23324126060870181083097418130028833404417","27224"
"bitflyer-xrp-jpy-spot","2023-02-09T00:00:00.000000000Z","52.29","50.27","53.4","49.1","51.46432329878616","6193469.062233","2425257.3698366044981096487585543987258447898321","32270"
"bitflyer-xrp-jpy-spot","2023-02-10T00:00:00.000000000Z","50.27","50.23","51.14","49.4","50.34699960424316","3566628.608441","1366826.74221253688242567464877212376995309227917","28860"
"bitflyer-xrp-jpy-spot","2023-02-11T00:00:00.000000000Z","50.22","50.53","50.59","50","50.26582885658139","1207885.495966","461830.31362685670734822546287065129144171616219","20207"
"bitflyer-xrp-jpy-spot","2023-02-12T00:00:00.000000000Z","50.48","49.35","50.65","49","49.94133242134826","1916752.083173","728020.0687446062952730400358270338235765737093","24071"
"bitflyer-xrp-jpy-spot","2023-02-13T00:00:00.000000000Z","49.35","49.12","49.88","48.15","48.96612665146012","3464685.909007","1282000.72462250565698188305471293781074057345299","36770"
"bitflyer-xrp-jpy-spot","2023-02-14T00:00:00.000000000Z","49.12","50.87","51.1","48.25","49.30762403027157","3711730.662221","1381687.6582674834706223109439072418769588211117","26800"
"bitflyer-xrp-jpy-spot","2023-02-15T00:00:00.000000000Z","50.87","53.63","53.69","50.03","52.0399894176","4113380.359349","1609023.37463234784230941367351257805833032087181","25918"
"bitflyer-xrp-jpy-spot","2023-02-16T00:00:00.000000000Z","53.56","51.5","54.05","51.45","53.18781007386825","3288723.823309","1308587.26495259318305730882959595659904066921219","31168"
"bitflyer-xrp-jpy-spot","2023-02-17T00:00:00.000000000Z","51.46","52.98","53.64","51.12","52.38503885982755","2513633.152897","979978.96314538835462323833353366690967843697347","30241"
"bitflyer-xrp-jpy-spot","2023-02-18T00:00:00.000000000Z","53","52.96","53.4","52.56","52.94329702017096","1387633.627941","547574.13470851015364209408311092763867505305387","25791"
"bitflyer-xrp-jpy-spot","2023-02-19T00:00:00.000000000Z","52.96","51.98","53.3","51.79","52.56646796746607","1779221.299582","697214.19229455408947645188942994871967944416506","23015"
"bitflyer-xrp-jpy-spot","2023-02-20T00:00:00.000000000Z","51.97","53.47","54.74","51.17","53.00964552984964","4149673.293971","1639425.98447604268760048434268552691413305298025","27467"
"bitflyer-xrp-jpy-spot","2023-02-21T00:00:00.000000000Z","53.45","52.94","54.21","52.25","53.02651694900413","2637631.07546","1037876.72778943798998022658693191343184987752083","32457"
"bitflyer-xrp-jpy-spot","2023-02-22T00:00:00.000000000Z","52.92","53.38","53.5","51.7","52.59275321469797","3193474.99838","1245576.96079239171710295522122356662535581884045","28756"
"bitflyer-xrp-jpy-spot","2023-02-23T00:00:00.000000000Z","53.38","52.36","53.67","52.01","52.91366080666518","2962546.755186","1161927.2355178454110042403438194683956721175809","29175"
"bitflyer-xrp-jpy-spot","2023-02-24T00:00:00.000000000Z","52.38","51.67","52.89","50.92","51.89011550383369","2643007.700222","1009698.86910876956123132411025126203079784789097","32329"
"bitflyer-xrp-jpy-spot","2023-02-25T00:00:00.000000000Z","51.68","51.72","51.86","50.63","51.34863303741198","1741218.468153","654627.88760036473379825638703580865206823655901","37402"
"bitflyer-xrp-jpy-spot","2023-02-26T00:00:00.000000000Z","51.72","51.57","51.96","51.19","51.53683811172675","1076163.564482","406258.77546501218054582962863688805766068449065","31624"
"bitflyer-xrp-jpy-spot","2023-02-27T00:00:00.000000000Z","51.58","51.61","51.75","50.59","51.24488619488826","2077179.309183","781396.5459298016637210508496934802905279023722","31271"
"bitflyer-xrp-jpy-spot","2023-02-28T00:00:00.000000000Z","51.61","51.34","51.97","50.71","51.46413617399041","2248553.826574","848189.38170141612797148948070050655883145595662","29994"
"bitflyer-xrp-jpy-spot","2023-03-01T00:00:00.000000000Z","51.31","52.23","52.3","50.87","51.75204512232461","1998473.503888","760187.64901836931886061972333327022158655732555","25990"
"bitflyer-xrp-jpy-spot","2023-03-02T00:00:00.000000000Z","52.22","51.59","52.34","51.19","51.69446230218441","2096180.943347","793103.68870642216420250124892371101285068966871","28171"
"bitflyer-xrp-jpy-spot","2023-03-03T00:00:00.000000000Z","51.61","51.35","51.71","49.01","50.27561341952922","4235566.538799","1557633.14627159498840364334921632708300031727421","35319"
"bitflyer-xrp-jpy-spot","2023-03-04T00:00:00.000000000Z","51.36","50.82","51.68","50.16","50.91239952494449","1321580.850032","494071.66466877441519601021026386145451361589935","30291"
"bitflyer-xrp-jpy-spot","2023-03-05T00:00:00.000000000Z","50.82","49.95","51.34","49.75","50.53193106842367","1119080.273686","415498.34012057481597458842097810275702886626416","34448"
"bitflyer-xrp-jpy-spot","2023-03-06T00:00:00.000000000Z","49.93","50.35","50.89","49.01","49.82035681184459","1946427.692937","712454.08194575130701312522652360221462840753326","32207"
"bitflyer-xrp-jpy-spot","2023-03-07T00:00:00.000000000Z","50.35","52.23","52.74","49.95","51.31608895132319","3488265.960247","1309127.34123440097049343212954199622172311553713","26890"
"bitflyer-xrp-jpy-spot","2023-03-08T00:00:00.000000000Z","52.23","53.35","55","51.37","53.44225575922724","5788076.678289","2251008.78427523115757597215063918982460596056685","32819"
"bitflyer-xrp-jpy-spot","2023-03-09T00:00:00.000000000Z","53.35","50.74","54.19","49.56","52.19172981102499","6307631.070279","2411831.92207925142247637279617267214943584425109","35708"
"bitflyer-xrp-jpy-spot","2023-03-10T00:00:00.000000000Z","50.72","50.25","51.49","49.1","50.25873989520376","6120387.057871","2255429.46422975358964950601060769511430760269879","40086"
"bitflyer-xrp-jpy-spot","2023-03-11T00:00:00.000000000Z","50.23","49.5","51","48.88","49.70346297410917","3144019.643113","1156692.17401369628956632865872116294938457610333","30589"
"bitflyer-xrp-jpy-spot","2023-03-12T00:00:00.000000000Z","49.51","50.42","50.75","47.48","49.0345694302521","4443509.495167","1615804.05306652009041926256251504345068660758228","32313"
"bitflyer-xrp-jpy-spot","2023-03-13T00:00:00.000000000Z","50.42","49.67","51.13","47.44","49.52374501960176","7376912.46975","2736192.54177498443502126632802208604061587454251","31745"
"bitflyer-xrp-jpy-spot","2023-03-14T00:00:00.000000000Z","49.67","50.06","51.79","49","50.3183554830151","7531937.71807","2837971.80500583591236431752599175347302799485445","33554"
"bitflyer-xrp-jpy-spot","2023-03-15T00:00:00.000000000Z","50.09","48.05","50.64","47.58","49.17640135650597","4212905.441462","1551560.67682744559541401895645920331821753658526","30862"
"bitflyer-xrp-jpy-spot","2023-03-16T00:00:00.000000000Z","48.05","48.85","49.06","47.55","48.43528043753498","2785268.496432","1013078.06259192663525296773194081387670765107413","29702"
"bitflyer-xrp-jpy-spot","2023-03-17T00:00:00.000000000Z","48.8","50.11","50.69","48.46","49.49258610817693","3539085.171301","1320554.5509519598180346135833618697952217730436","31079"
"bitflyer-xrp-jpy-spot","2023-03-18T00:00:00.000000000Z","50.13","49.44","51.4","49.01","50.23831076094249","4600833.870902","1753262.19230957094908685855581491589983168033212","40088"
"bitflyer-xrp-jpy-spot","2023-03-19T00:00:00.000000000Z","49.43","51.22","52.94","49.35","51.40938063134445","5207675.143956","2028439.94896951475003474310315160129694233338006","33626"
"bitflyer-xrp-jpy-spot","2023-03-20T00:00:00.000000000Z","51.22","49.5","51.99","49.2","50.59367785789227","4070898.032569","1559995.67516643244211719199747744651027499087167","31991"
"bitflyer-xrp-jpy-spot","2023-03-21T00:00:00.000000000Z","49.49","62.26","65.5","49.44","57.9195249151844","15381015.378428","6736736.81965148311296695715132374494449965148862","53578"
"bitflyer-xrp-jpy-spot","2023-03-22T00:00:00.000000000Z","62.3","55.73","63.07","54.12","59.12720193890157","10728268.307879","4788463.57695785375642172911280704037516306969365","47984"
"bitflyer-xrp-jpy-spot","2023-03-23T00:00:00.000000000Z","55.74","58.3","60.03","54.6","58.00510415511667","7736684.682248","3414087.77414716278130831059244439797982329017218","40202"
"bitflyer-xrp-jpy-spot","2023-03-24T00:00:00.000000000Z","58.3","55.95","58.3","54.6","56.17245208587562","5304287.907946","2280232.29144928215499735145644626928460479128101","32317"
"bitflyer-xrp-jpy-spot","2023-03-25T00:00:00.000000000Z","55.95","58.13","60.85","55.62","58.9616972303144","6995554.57449","3145399.2439790973273650712635040881373964317811","39475"
"bitflyer-xrp-jpy-spot","2023-03-26T00:00:00.000000000Z","58.13","58.9","60.76","57.84","59.36169555439515","4708515.082507","2133450.03137008837232351361286353313877703963832","33804"
"bitflyer-xrp-jpy-spot","2023-03-27T00:00:00.000000000Z","58.9","63.05","64.4","58.13","61.75087853011565","11943967.3427","5603113.45653587471306737025546257386566942644402","43212"
"bitflyer-xrp-jpy-spot","2023-03-28T00:00:00.000000000Z","63.05","67.45","69.72","61.4","65.34943403952696","12670999.944049","6311392.3737382933630365672437405964458865229564","44598"
"bitflyer-xrp-jpy-spot","2023-03-29T00:00:00.000000000Z","67.45","71.93","76.77","67.45","72.23718595510204","17811952.354904","9747881.91897984108936074773654888164772918472949","51511"
"bitflyer-xrp-jpy-spot","2023-03-30T00:00:00.000000000Z","71.93","70.91","73.87","69.3","71.32324678408143","8604076.853852","4629900.01796392082729801730299870971574684564375","48046"
"bitflyer-xrp-jpy-spot","2023-03-31T00:00:00.000000000Z","70.99","71.45","72.98","70.28","71.50364785505061","6428391.172073","3454037.35670637647874358029570898963303948311537","30530"
"bitflyer-xrp-jpy-spot","2023-04-01T00:00:00.000000000Z","71.45","67.76","71.49","66.1","68.51426541909658","7040366.505262","3628654.80988000158278295209775855648405928739015","37102"
"bitflyer-xrp-jpy-spot","2023-04-02T00:00:00.000000000Z","67.73","69.23","70.47","66.81","68.87215639571112","5056795.35837","2617178.36719928541669897880338278375062043235867","43625"
"bitflyer-xrp-jpy-spot","2023-04-03T00:00:00.000000000Z","69.2","65.85","69.97","64.03","67.56691318853471","6443197.920999","3269936.95042547727282487837289705376481834788935","36184"
"bitflyer-xrp-jpy-spot","2023-04-04T00:00:00.000000000Z","65.84","66.37","67.04","64.87","66.15540656081695","4350811.123251","2168823.91911678505581259318880659909125454379109","37103"
"bitflyer-xrp-jpy-spot","2023-04-05T00:00:00.000000000Z","66.34","66.5","69.47","65.64","67.43098102331191","5137978.375254","2631271.57861585176220135270987192019647748252745","33088"
"bitflyer-xrp-jpy-spot","2023-04-06T00:00:00.000000000Z","66.53","66.32","67.23","64.98","66.03994248181764","2826976.42759","1417105.56678923826323230285356695419894003540269","37674"
"bitflyer-xrp-jpy-spot","2023-04-07T00:00:00.000000000Z","66.34","67.96","68.14","65.75","67.06664539241213","3526045.91665","1789021.46816043018868742649169212528132793030989","32571"
"bitflyer-xrp-jpy-spot","2023-04-08T00:00:00.000000000Z","67.96","67.02","68","66.62","67.43589793669186","1051517.581078","535523.41368711224190826245867787548065644718449","30112"
"bitflyer-xrp-jpy-spot","2023-04-09T00:00:00.000000000Z","67.04","66.89","67.46","66.13","66.78956264174572","1954647.040534","986098.50906099100690675689360492335316993784758","30697"
"bitflyer-xrp-jpy-spot","2023-04-10T00:00:00.000000000Z","66.84","69.1","69.4","66.4","67.4695515510709","3360719.412317","1705146.00974881500774730413096772541097489307438","35544"
"bitflyer-xrp-jpy-spot","2023-04-11T00:00:00.000000000Z","69.07","69.15","70.2","68.33","69.24112910561648","3912563.201819","2032948.76739562854447009564659870022958567253202","33181"
"bitflyer-xrp-jpy-spot","2023-04-12T00:00:00.000000000Z","69.14","67.33","69.38","66.59","67.55898728108571","3196944.864669","1617836.19761558975194020132536381265170477516141","33772"
"bitflyer-xrp-jpy-spot","2023-04-13T00:00:00.000000000Z","67.32","67.99","68.47","66.92","67.70282597225174","2768190.121295","1409077.66314333123317710007310257605458058091188","30290"
"bitflyer-xrp-jpy-spot","2023-04-14T00:00:00.000000000Z","67.99","70.05","72.38","67.92","70.23252268707967","6266071.323777","3313446.95006274822422434188699872081720099956555","38407"
"bitflyer-xrp-jpy-spot","2023-04-15T00:00:00.000000000Z","70.05","69.65","70.49","69.25","69.84347440273408","2526256.204245","1318032.42663257546695559706096256557658721787603","25008"
"bitflyer-xrp-jpy-spot","2023-04-16T00:00:00.000000000Z","69.66","69.92","70.29","69.13","69.71825105054085","1393957.431041","725746.98682576116422359921203902919176547374863","22708"
"bitflyer-xrp-jpy-spot","2023-04-17T00:00:00.000000000Z","69.92","68.9","69.94","68.36","68.92766318888713","2809329.188732","1442406.56372061918652224296847440770671637969837","26365"
"bitflyer-xrp-jpy-spot","2023-04-18T00:00:00.000000000Z","68.9","71.3","72.1","68.66","69.88789518670023","3888562.372408","2024212.36840409137291585532920894962927085652507","32786"
"bitflyer-xrp-jpy-spot","2023-04-19T00:00:00.000000000Z","71.32","66.44","71.94","65.24","67.86435953684613","7025576.952469","3533230.16509148777849008392785281593619022437303","37863"
"bitflyer-xrp-jpy-spot","2023-04-20T00:00:00.000000000Z","66.4","63.73","67.3","62.01","65.14018668543281","5307171.512451","2568674.1239964284642789656099593373199914111439","35439"
"bitflyer-xrp-jpy-spot","2023-04-21T00:00:00.000000000Z","63.68","60.3","64.2","59.01","62.05173773387854","6320113.957213","2923910.41544571993949882656359300313707676981116","36281"
"bitflyer-xrp-jpy-spot","2023-04-22T00:00:00.000000000Z","60.3","63.52","63.88","59.84","61.91598233082199","4120562.408814","1898955.64875077463824981666244064215477069664558","31251"
"bitflyer-xrp-jpy-spot","2023-04-23T00:00:00.000000000Z","63.52","62.39","63.54","60.88","62.50154240665932","3163121.651614","1470690.67558433160810756666462427510611153059686","28482"
"bitflyer-xrp-jpy-spot","2023-04-24T00:00:00.000000000Z","62.39","61.88","65","60.11","62.49382543123229","4405766.067256","2048048.57230698927853632606179198170367714189768","34561"
"bitflyer-xrp-jpy-spot","2023-04-25T00:00:00.000000000Z","61.91","62.73","63.08","60.55","61.72336999177402","2869789.650425","1320669.68912856350375646011236569394400520921719","35976"
"bitflyer-xrp-jpy-spot","2023-04-26T00:00:00.000000000Z","62.76","61.8","64.62","58.09","62.62394451831402","7653192.161908","3586567.75460497704625040408426943831113132328879","32126"
"bitflyer-xrp-jpy-spot","2023-04-27T00:00:00.000000000Z","61.82","62.45","62.84","61.04","61.97015371146614","3411578.013171","1580027.1314055191696487340884491502957913813794","31022"
"bitflyer-xrp-jpy-spot","2023-04-28T00:00:00.000000000Z","62.46","65.37","65.58","62.07","64.00520864882569","5164265.402896","2441616.58889030568645575161283335953799008580033","34193"
"bitflyer-xrp-jpy-spot","2023-04-29T00:00:00.000000000Z","65.37","65.28","66.33","64.3","65.37533458815539","1789072.122615","858061.02438238110362882978389282040962192692349","28170"
"bitflyer-xrp-jpy-spot","2023-04-30T00:00:00.000000000Z","65.31","64.35","65.63","63.88","64.90206266250153","2337945.163147","1113024.91735891647050624418895062794209946116469","26409"
"bitflyer-xrp-jpy-spot","2023-05-01T00:00:00.000000000Z","64.3","64.12","64.69","62.7","63.66196450609517","2456961.320946","1138897.25218384779592447640649609354957563700999","31994"
"bitflyer-xrp-jpy-spot","2023-05-02T00:00:00.000000000Z","64.11","63.64","64.33","62.73","63.60632645508942","1966589.120459","909727.35591036143005223879529623841251548604281","25772"
"bitflyer-xrp-jpy-spot","2023-05-03T00:00:00.000000000Z","63.64","62.52","63.68","61.2","62.15310759278097","2689324.718975","1230295.84381563679395736374666085489593964433167","23458"
"bitflyer-xrp-jpy-spot","2023-05-04T00:00:00.000000000Z","62.52","62.07","62.64","61.03","61.97975010538532","1675971.899311","771892.24789642105353267663384349238270183314848","32921"
"bitflyer-xrp-jpy-spot","2023-05-05T00:00:00.000000000Z","62.05","63","63.47","61.65","62.44398118505095","2212479.313071","1026447.41258122679015562746417568402936905042251","23827"
"bitflyer-xrp-jpy-spot","2023-05-06T00:00:00.000000000Z","63","62.07","63.2","61.2","62.19835008161996","1670084.048243","769590.90998458207296892236848964252658961769953","27161"
"bitflyer-xrp-jpy-spot","2023-05-07T00:00:00.000000000Z","62.07","60.84","62.3","60.54","61.71149899839981","1431098.017488","653523.57171463362213765854975025248578101605259","23329"
"bitflyer-xrp-jpy-spot","2023-05-08T00:00:00.000000000Z","60.85","58.18","61.17","56.2","58.58636030024389","5178303.026941","2243176.46555119436238742991530961125966169095439","30954"
"bitflyer-xrp-jpy-spot","2023-05-09T00:00:00.000000000Z","58.18","58.23","58.43","56.89","57.57077667894982","2425148.084312","1031131.58855691880760216596883405307467458706251","22617"
"bitflyer-xrp-jpy-spot","2023-05-10T00:00:00.000000000Z","58.25","57.93","58.77","56","57.89751097739025","2868880.147258","1229717.69493460945964535567091351626897899233351","25749"
"bitflyer-xrp-jpy-spot","2023-05-11T00:00:00.000000000Z","57.93","56.71","57.93","55.55","56.79728970457872","2807237.987709","1184526.02398114005605441056612421111514937996967","27695"
"bitflyer-xrp-jpy-spot","2023-05-12T00:00:00.000000000Z","56.73","58.49","59.82","56.11","57.8015354471789","5178675.136519","2216024.85325152242166694100796603694727433360577","29369"
"bitflyer-xrp-jpy-spot","2023-05-13T00:00:00.000000000Z","58.49","57.75","58.57","57.54","58.07085023502959","1145877.510285","489540.43674917245285891417060833941976687867367","21889"
"bitflyer-xrp-jpy-spot","2023-05-14T00:00:00.000000000Z","57.75","57.9","58.65","57.45","57.93966306197335","1054840.073636","449762.36092219610077345850062305250393602216232","24295"
"bitflyer-xrp-jpy-spot","2023-05-15T00:00:00.000000000Z","57.9","58.25","58.7","57.41","58.1640205912214","2148920.209103","917815.34124031671768183060499992737011977956503","24952"
"bitflyer-xrp-jpy-spot","2023-05-16T00:00:00.000000000Z","58.25","60.37","60.4","56.88","58.23585768464388","3364969.554058","1438538.92540339763377278798884444902512250514107","29442"
"bitflyer-xrp-jpy-spot","2023-05-17T00:00:00.000000000Z","60.34","61.67","63","60","61.59605180055133","4416364.003232","1987425.65651113561508792789541031661983913995575","34337"
"bitflyer-xrp-jpy-spot","2023-05-18T00:00:00.000000000Z","61.67","63.84","65.11","60.88","63.06571362928131","5559128.334122","2540036.79986069514860799670055643665959484258501","33110"
"bitflyer-xrp-jpy-spot","2023-05-19T00:00:00.000000000Z","63.84","64.54","65.86","63.24","64.36508100515452","3712121.032552","1726692.13383135014661846620959182279334307484149","27247"
"bitflyer-xrp-jpy-spot","2023-05-20T00:00:00.000000000Z","64.52","64.65","65.05","63.91","64.45323271268066","1353573.794121","631745.90595890036482374996238974050073143501162","19310"
"bitflyer-xrp-jpy-spot","2023-05-21T00:00:00.000000000Z","64.71","63.09","65.01","62.86","64.05558395139982","1644530.229311","762477.0376405531378948676875211692314163032601","21367"
"bitflyer-xrp-jpy-spot","2023-05-22T00:00:00.000000000Z","63.09","64.03","64.55","62.07","63.40432374477042","1914996.208932","878556.8636383622356634394935753018993690034355","27874"
"bitflyer-xrp-jpy-spot","2023-05-23T00:00:00.000000000Z","64.03","64.55","64.75","63.59","64.1654207872293","1956633.9401","905863.57709722532543802293356203186804091761279","21370"
"bitflyer-xrp-jpy-spot","2023-05-24T00:00:00.000000000Z","64.55","63.18","64.55","62.07","63.29525217261261","2449294.118515","1115736.57137796096762902598419542426128729807516","23185"
"bitflyer-xrp-jpy-spot","2023-05-25T00:00:00.000000000Z","63.21","63.55","63.6","62.04","62.94872191781148","1822718.107702","820544.26619124715334991968637487409073648351414","25424"
"bitflyer-xrp-jpy-spot","2023-05-26T00:00:00.000000000Z","63.55","65.78","66","63.37","64.9814233229636","3614706.641413","1676587.40511661930541155679383835211486246434752","24266"
"bitflyer-xrp-jpy-spot","2023-05-27T00:00:00.000000000Z","65.78","66.24","67.34","65.46","66.35873283321137","1997262.60127","943139.12748675468009011792458315302568173977195","30051"
"bitflyer-xrp-jpy-spot","2023-05-28T00:00:00.000000000Z","66.24","67.86","68.31","66.04","67.04107967368626","2402592.736863","1146571.35195256265162056518333538347475217884577","21532"
"bitflyer-xrp-jpy-spot","2023-05-29T00:00:00.000000000Z","67.93","69.49","69.5","66.83","68.01542555496463","3961057.896847","1919675.41596777431072847900668153835163108376259","26131"
"bitflyer-xrp-jpy-spot","2023-05-30T00:00:00.000000000Z","69.49","72.67","73.68","68.61","71.05127156291459","8202218.833546","4160399.02588803767163653975807204020486911309384","34388"
"bitflyer-xrp-jpy-spot","2023-05-31T00:00:00.000000000Z","72.69","71.94","73.7","70.1","71.91578558663048","5572164.5954","2866483.73336866658912198480450951416425784893224","29024"
"bitflyer-xrp-jpy-spot","2023-06-01T00:00:00.000000000Z","71.91","70.38","71.98","69.66","70.56137633094058","2818910.006436","1427298.7871881386500209802258297943586231766557","25332"
"bitflyer-xrp-jpy-spot","2023-06-02T00:00:00.000000000Z","70.38","73.43","73.74","70.02","71.96580048437849","4044428.411466","2088270.96645575318348741122404991495783931203698","22788"
"bitflyer-xrp-jpy-spot","2023-06-03T00:00:00.000000000Z","73.47","72.63","74.62","72.28","73.18075736481999","2300732.686089","1202107.7459030101242831565421359334728374264704","29722"
"bitflyer-xrp-jpy-spot","2023-06-04T00:00:00.000000000Z","72.6","75.21","76.41","72.08","74.64130141416224","4231730.058042","2255161.28447883798703154318725169455486098879668","30488"
"bitflyer-xrp-jpy-spot","2023-06-05T00:00:00.000000000Z","75.2","71.62","76.07","68.01","72.75578273841906","7330584.224878","3802926.83087387450321990858893043723651860057691","34779"
"bitflyer-xrp-jpy-spot","2023-06-06T00:00:00.000000000Z","71.63","73.94","74.46","69.45","71.72829732875039","4487663.656531","2298993.06211320975750403887443298343107054944732","30505"
"bitflyer-xrp-jpy-spot","2023-06-07T00:00:00.000000000Z","73.91","72.67","75","71.18","73.23792485769275","5412508.242505","2838039.81798160130280081350371600997474865957861","33219"
"bitflyer-xrp-jpy-spot","2023-06-08T00:00:00.000000000Z","72.72","72.83","73.39","72.11","72.73601389223531","2794763.795451","1455848.20374473485614807000487059361324075172399","27128"
"bitflyer-xrp-jpy-spot","2023-06-09T00:00:00.000000000Z","72.86","74.99","75.34","72.71","74.13501849698903","4103447.863742","2180536.14836043607650328492217877259427770625716","26824"
"bitflyer-xrp-jpy-spot","2023-06-10T00:00:00.000000000Z","75.01","71.01","75.09","66.85","70.35772737471338","8247617.364088","4150873.72486260230605196954589580492550281052247","35060"
"bitflyer-xrp-jpy-spot","2023-06-11T00:00:00.000000000Z","71.01","72.65","73.91","70.3","71.61400723575669","3681661.066098","1885918.33224046562455271724867673407762909529576","31280"
"bitflyer-xrp-jpy-spot","2023-06-12T00:00:00.000000000Z","72.65","73.32","73.75","71.14","72.43813659917484","3401630.429415","1763102.2733388593748712673082206370869549523784","32130"
"bitflyer-xrp-jpy-spot","2023-06-13T00:00:00.000000000Z","73.31","72.82","78.81","71","74.58167390126929","9426095.498461","5027642.71867844763324778958837768805405175758833","40965"
"bitflyer-xrp-jpy-spot","2023-06-14T00:00:00.000000000Z","72.81","67.4","73.01","65","69.16088842246933","8144186.462645","4017158.82611788104974714436707033640986131585045","35671"
"bitflyer-xrp-jpy-spot","2023-06-15T00:00:00.000000000Z","67.46","67.34","68.8","65.93","67.23633186204109","4845109.743348","2308755.91437884896339459498685948406033909656072","34684"
"bitflyer-xrp-jpy-spot","2023-06-16T00:00:00.000000000Z","67.34","67.41","68.1","64.5","66.33767809423887","4524643.686665","2122430.2585665225582759083964839084145929058344","20921"
"bitflyer-xrp-jpy-spot","2023-06-17T00:00:00.000000000Z","67.43","67.99","68.92","66.53","67.90623561996803","2954520.087636","1415094.88193283523962956559838992205155946447757","31704"
"bitflyer-xrp-jpy-spot","2023-06-18T00:00:00.000000000Z","67.99","69.08","70.45","67.33","69.10296010137716","3483512.805781","1697512.45877778584260664003555134388965678516166","29870"
"bitflyer-xrp-jpy-spot","2023-06-19T00:00:00.000000000Z","69.09","70.03","70.58","68.3","69.64357340000907","2773063.184109","1360669.73532720221033460203901323912166354554255","30766"
"bitflyer-xrp-jpy-spot","2023-06-20T00:00:00.000000000Z","70","69.53","70.5","66.81","68.71052066307912","2962689.47397","1437684.23882076780661070425371461897766061480343","32120"
"bitflyer-xrp-jpy-spot","2023-06-21T00:00:00.000000000Z","69.54","70.84","71.17","69.14","70.28367150418225","5024794.618743","2496828.21596943043338049042409215412097485375441","33419"
"bitflyer-xrp-jpy-spot","2023-06-22T00:00:00.000000000Z","70.84","70.6","74.5","67.25","71.72051662511395","6548294.073189","3308674.67621409524068096758530052695864933931518","35372"
"bitflyer-xrp-jpy-spot","2023-06-23T00:00:00.000000000Z","70.6","71.37","72.17","69.33","70.98830395696574","4052749.229528","2007582.10433305103106734391061283715171986445927","31995"
"bitflyer-xrp-jpy-spot","2023-06-24T00:00:00.000000000Z","71.34","69.92","71.37","69.1","70.39497457582866","2202437.036211","1078265.90435090713101868791615737004845111934992","24522"
"bitflyer-xrp-jpy-spot","2023-06-25T00:00:00.000000000Z","69.9","70.43","71.49","69.41","70.44187136359158","2013159.319638","987006.32090326401739696409877550287252368508348","30910"
"bitflyer-xrp-jpy-spot","2023-06-26T00:00:00.000000000Z","70.41","68.7","70.54","67.94","69.15439018455063","3941184.934483","1899680.15849667436361055465056968722828457181515","30425"
"bitflyer-xrp-jpy-spot","2023-06-27T00:00:00.000000000Z","68.7","69.64","69.77","68.4","69.10855093463256","1920262.77924","923115.9912080252153306665628069040744489382045","25743"
"bitflyer-xrp-jpy-spot","2023-06-28T00:00:00.000000000Z","69.64","67.2","69.75","65.55","67.96864731075698","3447845.53514","1622568.71280344787494278384817799184314152272289","24371"
"bitflyer-xrp-jpy-spot","2023-06-29T00:00:00.000000000Z","67.23","68.69","69.04","66.67","67.83409992408924","1777169.532551","833628.41619944910013170583461773660479749590737","16543"
"bitflyer-xrp-jpy-spot","2023-06-30T00:00:00.000000000Z","68.69","68.26","69.76","65.25","68.12914091557337","4715859.312159","2221477.44904818254929052552886062547491810540705","31537"
"bitflyer-xrp-jpy-spot","2023-07-01T00:00:00.000000000Z","68.26","68.29","68.66","67.04","67.9011008335872","1802506.025036","847548.27830634121851650380086960312954843470471","26881"
"bitflyer-xrp-jpy-spot","2023-07-02T00:00:00.000000000Z","68.29","69.9","71.45","67.9","69.96707009224926","4204480.611055","2037131.07046181322684731768343966306958071981984","26785"
"bitflyer-xrp-jpy-spot","2023-07-03T00:00:00.000000000Z","69.9","70.75","71.03","69.27","69.93053886117464","2299088.549682","1111381.94122014544787111172824694859355014445275","20717"
"bitflyer-xrp-jpy-spot","2023-07-04T00:00:00.000000000Z","70.77","70.52","71.38","69.77","70.60551935458593","1844426.526283","899826.56696515260400049361885959964880719624604","25208"
"bitflyer-xrp-jpy-spot","2023-07-05T00:00:00.000000000Z","70.52","69.08","71.24","68.1","69.55013690165482","2585250.246745","1242257.76368055883418214775214561664786920379093","23306"
"bitflyer-xrp-jpy-spot","2023-07-06T00:00:00.000000000Z","69.08","66.83","69.75","66.82","68.3457432398188","3720902.430571","1761895.34188796293984484196904171449908981202328","27122"
"bitflyer-xrp-jpy-spot","2023-07-07T00:00:00.000000000Z","66.84","66.86","67.9","66.2","67.02087290237804","2306935.65805","1075612.83999854953524677055235976385441416156918","25969"
"bitflyer-xrp-jpy-spot","2023-07-08T00:00:00.000000000Z","66.86","67.06","67.7","66.4","66.83739325666614","970219.625207","454650.17451659696622852773409876814980801978347","21190"
"bitflyer-xrp-jpy-spot","2023-07-09T00:00:00.000000000Z","67.06","66.74","67.25","66.6","66.95988860263563","816482.11724","383591.54338611693767491017465941641867098354324","20909"
"bitflyer-xrp-jpy-spot","2023-07-10T00:00:00.000000000Z","66.74","67.72","67.97","66.11","66.97547868773115","1509796.472573","709377.44621653917089269596571698111053428916674","23816"
"bitflyer-xrp-jpy-spot","2023-07-11T00:00:00.000000000Z","67.71","66.84","67.85","66.36","66.88463525357021","1159971.165968","550164.37856605032241324568090600152532017527689","21336"
"bitflyer-xrp-jpy-spot","2023-07-12T00:00:00.000000000Z","66.8","65.56","66.85","64.6","65.93788523222406","2028151.665846","958445.0604183759309406112046561052078387503716","20658"
"bitflyer-xrp-jpy-spot","2023-07-13T00:00:00.000000000Z","65.56","107.2","116.45","65.1","95.71351276799799","19199209.372088","13335948.17094609946159481063106035004895574713683","41132"
"bitflyer-xrp-jpy-spot","2023-07-14T00:00:00.000000000Z","107.27","99.83","111.66","92.7","104.7759198272394","17634914.005065","13378764.50243576019818002279625974134557053510144","64502"
"bitflyer-xrp-jpy-spot","2023-07-15T00:00:00.000000000Z","99.8","99.26","101.86","96.01","99.52668012991077","6687123.487641","4792229.8490746359593107920702131864690605266245","40622"
"bitflyer-xrp-jpy-spot","2023-07-16T00:00:00.000000000Z","99.3","103.74","109.46","97.6","104.1029007646797","9025587.959174","6765284.81290038986460593732371579422122537196954","42044"
"bitflyer-xrp-jpy-spot","2023-07-17T00:00:00.000000000Z","103.72","102.3","106.22","99.05","102.6120581748886","6136842.869795","4537563.0064823314580409411530194062208777199422","40063"
"bitflyer-xrp-jpy-spot","2023-07-18T00:00:00.000000000Z","102.3","108.26","108.93","101.69","104.6853015602044","6249134.145942","4717009.50507438948528175198322508715217330736973","39929"
"bitflyer-xrp-jpy-spot","2023-07-19T00:00:00.000000000Z","108.16","114.56","118.99","107.24","112.2777101555643","11417287.655129","9188568.5108791954082942841711854552379019966673","44528"
"bitflyer-xrp-jpy-spot","2023-07-20T00:00:00.000000000Z","114.54","111.44","118.22","108.5","113.991702926446","7608392.699016","6202395.59571627229822881477900418969680032329432","39330"
"bitflyer-xrp-jpy-spot","2023-07-21T00:00:00.000000000Z","111.44","109.4","112.47","108","110.3698071496508","3881726.90492","3030856.60406941274984264160648709258629273008648","43137"
"bitflyer-xrp-jpy-spot","2023-07-22T00:00:00.000000000Z","109.4","104.01","110.74","102.5","107.6482961018189","2688096.093849","2038021.76772083916212631885675782503153262174994","32026"
"bitflyer-xrp-jpy-spot","2023-07-23T00:00:00.000000000Z","104","104.87","106.41","102","104.3289714279054","2853850.033505","2096721.42136033124535001823847946240720785324552","26627"
"bitflyer-xrp-jpy-spot","2023-07-24T00:00:00.000000000Z","104.87","99.79","105.35","96.84","100.6295734273472","4549127.596767","3228639.92894908652513632421808895106868047137384","38642"
"bitflyer-xrp-jpy-spot","2023-07-25T00:00:00.000000000Z","99.79","100.14","101.18","95.84","98.76892271527235","3240834.910634","2258849.39350821393246436442387282007300372569965","22116"
"bitflyer-xrp-jpy-spot","2023-07-26T00:00:00.000000000Z","100.1","100.7","102.7","97.9","100.1110906214187","3161061.574224","2245668.41492898037999370139216552095897971049541","29727"
"bitflyer-xrp-jpy-spot","2023-07-27T00:00:00.000000000Z","100.7","99.35","103.38","99.02","100.585583733714","2468129.093113","1767239.43414313614137607353897855145833129016363","29374"
"bitflyer-xrp-jpy-spot","2023-07-28T00:00:00.000000000Z","99.35","100.41","101.2","98.61","99.68616117329719","2240009.724531","1594628.12343455691573871184013802291145665601056","23101"
"bitflyer-xrp-jpy-spot","2023-07-29T00:00:00.000000000Z","100.41","100.62","101","99.5","100.5275789050742","600033.574488","427016.87016163066300072673869905238086318115497","32906"
"bitflyer-xrp-jpy-spot","2023-07-30T00:00:00.000000000Z","100.58","99.44","103.9","97.47","100.5216192746414","2145668.438785","1526263.31464549851985794635212802109683575050049","34731"
"bitflyer-xrp-jpy-spot","2023-07-31T00:00:00.000000000Z","99.42","99.53","102.41","97.91","100.0371813731074","2514135.175828","1768283.26705079900527651407803271443484773892455","36045"
"bitflyer-xrp-jpy-spot","2023-08-01T00:00:00.000000000Z","99.54","100.94","101.06","97.01","99.03645884357041","2531256.300225","1750152.12512536179565357306428166890569360681761","37517"
"bitflyer-xrp-jpy-spot","2023-08-02T00:00:00.000000000Z","100.94","98.34","101.17","97.23","99.08170723245884","1611639.273685","1113936.43629975105931947307864852387470678995322","21005"
"bitflyer-xrp-jpy-spot","2023-08-03T00:00:00.000000000Z","98.34","94.69","98.7","94.01","95.7542806168316","2955518.804951","1973924.06084641362979834453843287873058521322048","34083"
"bitflyer-xrp-jpy-spot","2023-08-04T00:00:00.000000000Z","94.69","90.53","95.43","89.45","92.37804266938877","2859590.553455","1852254.12258409465680189430965362067894377404109","30679"
"bitflyer-xrp-jpy-spot","2023-08-05T00:00:00.000000000Z","90.51","89.53","90.55","87.11","88.93850486145242","1941005.38337","1212380.93396840942362465677206437161148301377928","26649"
"bitflyer-xrp-jpy-spot","2023-08-06T00:00:00.000000000Z","89.54","88.68","90.97","88.36","89.67822796656319","1468491.256907","925139.72374785549813844052560737910559082386932","27026"
"bitflyer-xrp-jpy-spot","2023-08-07T00:00:00.000000000Z","88.68","88.81","89.5","85.94","87.89241999802699","2782496.983045","1713740.58504134817097632292962822098759646591565","29403"
"bitflyer-xrp-jpy-spot","2023-08-08T00:00:00.000000000Z","88.8","91.93","92.9","87.96","90.26661935367888","2771695.036504","1745224.36448713630909976766912917351694587322561","39884"
"bitflyer-xrp-jpy-spot","2023-08-09T00:00:00.000000000Z","91.97","92.54","95.4","91.1","93.22311782079667","4525020.74873","2935229.03102663204223308366896936892180670421414","30058"
"bitflyer-xrp-jpy-spot","2023-08-10T00:00:00.000000000Z","92.54","91.75","92.71","89","91.37895648799286","2632358.154757","1667680.85276636882688450762469193416952154183266","27488"
"bitflyer-xrp-jpy-spot","2023-08-11T00:00:00.000000000Z","91.75","91.63","92.72","90.91","91.69463310610877","1075761.380402","680432.87532228696654446273666456295096546298842","22603"
"bitflyer-xrp-jpy-spot","2023-08-12T00:00:00.000000000Z","91.63","90.95","91.78","90.5","91.25325068816714","498266.264209","313327.23250786327478400820516269066730059195771","16211"
"bitflyer-xrp-jpy-spot","2023-08-13T00:00:00.000000000Z","90.97","90.77","92.45","90.52","91.34405962890923","674691.338056","424607.66799978995143551875377951376454006960583","22905"
"bitflyer-xrp-jpy-spot","2023-08-14T00:00:00.000000000Z","90.79","92.18","92.61","90.57","91.51757126347041","955795.268406","601393.49066723271491762829641435251681238244448","21179"
"bitflyer-xrp-jpy-spot","2023-08-15T00:00:00.000000000Z","92.24","88.98","92.36","87.3","90.04404207879707","1748862.583179","1079453.37108559451450429813405494600310565091453","28974"
"bitflyer-xrp-jpy-spot","2023-08-16T00:00:00.000000000Z","88.95","86.29","89.87","84.07","87.18887577175542","3527069.374395","2104168.54708968721313966351010792493322119695971","32218"
"bitflyer-xrp-jpy-spot","2023-08-17T00:00:00.000000000Z","86.3","74.96","87.15","73","81.20600017158322","4126498.807801","2281075.55682526610331524362313723675371591144484","36044"
"bitflyer-xrp-jpy-spot","2023-08-18T00:00:00.000000000Z","74.94","73.9","76.33","71.1","73.23337060038339","4507515.371322","2260215.75237364923452395537076481451114640204689","27772"
"bitflyer-xrp-jpy-spot","2023-08-19T00:00:00.000000000Z","73.9","75.89","76.3","73.17","74.97177979064557","1836066.164611","943672.80612533886095648933196852274229198827268","32972"
"bitflyer-xrp-jpy-spot","2023-08-20T00:00:00.000000000Z","75.9","78.51","81.18","75.45","78.3846369824578","3886197.011428","2087050.15652972512959725518074955419249371223366","26621"
"bitflyer-xrp-jpy-spot","2023-08-21T00:00:00.000000000Z","78.5","76.87","78.61","74.03","76.51913303426193","2758558.765028","1442641.37707661462158354896945938802462982297113","31106"
"bitflyer-xrp-jpy-spot","2023-08-22T00:00:00.000000000Z","76.87","75.95","76.91","73.37","75.3397041900008","2475134.889147","1274430.39643381207389724991355350081863691733245","36492"
"bitflyer-xrp-jpy-spot","2023-08-23T00:00:00.000000000Z","75.96","76.68","77.72","75.2","76.19964447954504","1813260.068987","949511.21324152500200808042834490478737483401313","30494"
"bitflyer-xrp-jpy-spot","2023-08-24T00:00:00.000000000Z","76.7","75.88","77.38","74.74","76.02947632587326","1737801.782603","905467.84320191862893569845234303523760366594174","26282"
"bitflyer-xrp-jpy-spot","2023-08-25T00:00:00.000000000Z","75.88","76.96","77.4","74.41","75.79365647544027","2420391.620152","1252291.22235025072230081484764514199411690285859","34791"
"bitflyer-xrp-jpy-spot","2023-08-26T00:00:00.000000000Z","77.01","76.73","77.42","76.05","76.8325668626656","726532.352089","380230.50780008323711286269301941440452300715099","31474"
"bitflyer-xrp-jpy-spot","2023-08-27T00:00:00.000000000Z","76.74","76.78","77.76","76.07","77.10003320113583","757892.354321","398172.14791516258140641129218593055353374856763","21416"
"bitflyer-xrp-jpy-spot","2023-08-28T00:00:00.000000000Z","76.78","76.68","76.82","75.09","76.0711544248577","1539156.655125","797285.08996149285927837353026438460987121679978","25922"
"bitflyer-xrp-jpy-spot","2023-08-29T00:00:00.000000000Z","76.69","78.8","80.35","75.47","78.03935008638628","3056073.629842","1629656.47020250534014101262811111301578987833365","26223"
"bitflyer-xrp-jpy-spot","2023-08-30T00:00:00.000000000Z","78.8","77.21","78.86","76.17","77.50200141729748","1822971.249202","966401.87384798873812652044213754113036269841874","29555"
"bitflyer-xrp-jpy-spot","2023-08-31T00:00:00.000000000Z","77.21","74.56","77.25","72.8","75.30704900063233","2289941.03324","1180780.93737928553695090920273984408371063572078","35413"
"bitflyer-xrp-jpy-spot","2023-09-01T00:00:00.000000000Z","74.58","72.91","74.74","71.44","73.08894272879419","2791458.536865","1393842.12411290614463992988680035097302742821174","40524"
"bitflyer-xrp-jpy-spot","2023-09-02T00:00:00.000000000Z","72.91","73.17","73.73","72.45","72.97027963271994","894622.301539","445240.24828643334473109634952082440764245618848","31780"
"bitflyer-xrp-jpy-spot","2023-09-03T00:00:00.000000000Z","73.18","73.82","74.73","72.95","73.8576224293302","1336757.885605","673629.32131245444781812528847439602338375139656","46460"
"bitflyer-xrp-jpy-spot","2023-09-04T00:00:00.000000000Z","73.85","74.56","75.06","73.03","74.23635510618461","2057121.77579","1041193.74296275458135273530918170774605197986673","40389"
"bitflyer-xrp-jpy-spot","2023-09-05T00:00:00.000000000Z","74.56","74.57","74.76","73.81","74.26590733677013","931893.739737","469368.81305471888918879661191711472544624985726","31710"
"bitflyer-xrp-jpy-spot","2023-09-06T00:00:00.000000000Z","74.57","74.39","74.86","72.8","73.78424902758","1546606.623215","772138.49472515330701332714273254735829546648911","25570"
"bitflyer-xrp-jpy-spot","2023-09-07T00:00:00.000000000Z","74.39","74.37","74.53","73.31","73.89302444872544","980879.371974","490976.99341141589067050782781198072552635382588","35256"
"bitflyer-xrp-jpy-spot","2023-09-08T00:00:00.000000000Z","74.37","74.68","74.89","73.02","74.09789951881227","1752154.713139","879446.74829781213630147197896464287064417481319","37549"
"bitflyer-xrp-jpy-spot","2023-09-09T00:00:00.000000000Z","74.68","74.5","74.7","74.2","74.49751016808151","405222.127742","203855.05933440459781287995536029978458507143518","24585"
"bitflyer-xrp-jpy-spot","2023-09-10T00:00:00.000000000Z","74.5","73.21","74.52","73.06","73.75348180700699","1602561.933006","799266.48507329288702496790747213058397984303946","26260"
"bitflyer-xrp-jpy-spot","2023-09-11T00:00:00.000000000Z","73.21","69.69","73.28","67.8","70.20594763385681","3385746.179899","1617815.736947377009844524652407293627174708464","28705"
"bitflyer-xrp-jpy-spot","2023-09-12T00:00:00.000000000Z","69.69","70.71","71.78","69.08","70.3015393098242","2400285.892261","1147215.64995960434697632209716824906288022649906","30335"
"bitflyer-xrp-jpy-spot","2023-09-13T00:00:00.000000000Z","70.69","71.25","72.33","69.9","70.89396601148634","1312610.347684","630478.75570495778122587582862926573990133361787","30738"
"bitflyer-xrp-jpy-spot","2023-09-14T00:00:00.000000000Z","71.26","72.27","72.84","70.8","71.61212982207955","1435123.812946","696976.22017291162332730524979093118400162143796","24217"
"bitflyer-xrp-jpy-spot","2023-09-15T00:00:00.000000000Z","72.28","74.01","74.96","72.21","73.50319297971424","1667167.662504","828174.16514485822303325067899261880515414354699","40365"
"bitflyer-xrp-jpy-spot","2023-09-16T00:00:00.000000000Z","74.02","74.02","74.5","73.68","74.122954872907","731130.532261","365956.53555506745597992387729418687919132199483","44668"
"bitflyer-xrp-jpy-spot","2023-09-17T00:00:00.000000000Z","74.02","72.98","74.09","72.5","73.34810421691251","908992.813847","450100.89093758021360422689286986187141173098089","34681"
"bitflyer-xrp-jpy-spot","2023-09-18T00:00:00.000000000Z","73.01","74.32","74.85","72.08","73.70676155537474","2212688.531211","1103982.32372719313124441064841184728460518832635","34557"
"bitflyer-xrp-jpy-spot","2023-09-19T00:00:00.000000000Z","74.32","75.87","76.29","73.94","75.36808646842665","2105897.209935","1073241.71150737758147221700170040071077553580453","25030"
"bitflyer-xrp-jpy-spot","2023-09-20T00:00:00.000000000Z","75.87","77.35","77.8","75.1","76.61722998555208","2499219.360439","1292754.25797489714161732129013446806469015573962","30359"
"bitflyer-xrp-jpy-spot","2023-09-21T00:00:00.000000000Z","77.35","75.04","77.39","74.18","75.24659663176364","1716276.661323","871819.51002315489106217399136841665060857907579","30290"
"bitflyer-xrp-jpy-spot","2023-09-22T00:00:00.000000000Z","75.04","76.05","76.66","74.56","75.79208132764274","1214330.178903","620356.51054654843667735212126339250475717642174","36682"
"bitflyer-xrp-jpy-spot","2023-09-23T00:00:00.000000000Z","76.03","75.37","76.31","75.14","75.78890451021796","557136.924054","284324.14582234525165710150193315297999649617964","40374"
"bitflyer-xrp-jpy-spot","2023-09-24T00:00:00.000000000Z","75.37","74.72","76.02","74.25","75.26178172903656","725986.697595","367704.84315584205571281510938341314596739023018","26817"
"bitflyer-xrp-jpy-spot","2023-09-25T00:00:00.000000000Z","74.72","75.21","75.46","73.01","74.21029909037252","1862975.94463","929365.03395528353735452048642012136645981470001","42887"
"bitflyer-xrp-jpy-spot","2023-09-26T00:00:00.000000000Z","75.21","74.82","75.57","74.1","74.84373501341596","1265999.55398","635220.97117203222136162775300526868035728486081","24794"
"bitflyer-xrp-jpy-spot","2023-09-27T00:00:00.000000000Z","74.8","74.74","75.6","74.18","74.88062366023573","1049064.871148","525706.76134951620738543391765036784154781018313","31345"
"bitflyer-xrp-jpy-spot","2023-09-28T00:00:00.000000000Z","74.72","76.01","76.1","74","74.96842709824946","1200418.118471","602443.57178648939469033725565117913829674440157","38798"
"bitflyer-xrp-jpy-spot","2023-09-29T00:00:00.000000000Z","76.04","77.9","82.12","75.35","78.73904242108573","4219127.144558","2224612.50160440494993315278985313367392722065118","37172"
"bitflyer-xrp-jpy-spot","2023-09-30T00:00:00.000000000Z","77.9","76.98","77.9","76.8","77.26101889885348","1247842.149062","645000.03995398060882431436612504354959034015795","20977"
"bitflyer-xrp-jpy-spot","2023-10-01T00:00:00.000000000Z","76.98","78.31","78.8","76.86","77.84420207300398","1673690.978606","871967.29280380476683791296046063872638644533494","20192"
"bitflyer-xrp-jpy-spot","2023-10-02T00:00:00.000000000Z","78.31","76.86","78.7","76.5","77.81078518449935","2365212.749468","1228441.87513989115166601750920788450164301838622","24960"
"bitflyer-xrp-jpy-spot","2023-10-03T00:00:00.000000000Z","76.86","80.45","81.6","75.6","77.69130967474595","4380776.221158","2276069.61590185989030775131434435469545187156072","27700"
"bitflyer-xrp-jpy-spot","2023-10-04T00:00:00.000000000Z","80.45","79.52","80.84","77.35","79.46887846047066","3183571.73233","1694535.32605807607280968929701371711332790100793","46097"
"bitflyer-xrp-jpy-spot","2023-10-05T00:00:00.000000000Z","79.54","77.86","79.54","76.84","78.05999780040679","1601776.452229","839611.50953110828331818053997847991519655126782","30459"
"bitflyer-xrp-jpy-spot","2023-10-06T00:00:00.000000000Z","77.86","78.44","79","77.5","78.17926159746045","799495.818987","418718.54506617444990185961457084761509354542323","29703"
"bitflyer-xrp-jpy-spot","2023-10-07T00:00:00.000000000Z","78.44","78.01","78.5","77.81","78.12411951748517","373268.301694","195058.87320016354909626356510986014612607340529","20174"
"bitflyer-xrp-jpy-spot","2023-10-08T00:00:00.000000000Z","78.01","77.28","78.26","77.14","77.80167400581437","568823.031494","296085.64159295611180130155950947399495299634149","22540"
"bitflyer-xrp-jpy-spot","2023-10-09T00:00:00.000000000Z","77.3","74.75","77.62","73.52","75.26522241504355","2411298.828442","1215285.50671290844102356129416690853488948511044","28372"
"bitflyer-xrp-jpy-spot","2023-10-10T00:00:00.000000000Z","74.75","73.93","74.98","73.46","74.24353902629125","856716.561942","426503.32785380147261712428090500982201262409176","36286"
"bitflyer-xrp-jpy-spot","2023-10-11T00:00:00.000000000Z","73.91","73.05","74.05","71.61","72.840474458535","1880875.303373","917973.65523778433340070987057634758650133813058","30192"
"bitflyer-xrp-jpy-spot","2023-10-12T00:00:00.000000000Z","73.02","72.5","73.05","70.92","71.9564673754599","1398089.235934","671854.7802471162782974007241603472902714969355","20432"
"bitflyer-xrp-jpy-spot","2023-10-13T00:00:00.000000000Z","72.47","72.72","73.46","71.81","72.48830324715446","1503435.271497","726373.47964121303321456446387889359536510188663","23551"
"bitflyer-xrp-jpy-spot","2023-10-14T00:00:00.000000000Z","72.73","72.99","73.28","72.53","72.77870454145527","527855.145616","256094.24109115061508749553626039308544443110196","26692"
"bitflyer-xrp-jpy-spot","2023-10-15T00:00:00.000000000Z","72.99","72.94","73.49","72.73","73.03957010500688","743390.493811","362618.14496790989504100956150297790060037085209","23494"
"bitflyer-xrp-jpy-spot","2023-10-16T00:00:00.000000000Z","72.94","74.45","76","72.64","74.07039267948191","2477713.376435","1231034.31379906738300583318408827364394639515104","27982"
"bitflyer-xrp-jpy-spot","2023-10-17T00:00:00.000000000Z","74.45","73.7","74.48","72.6","73.60015858916703","1310585.180719","644345.6407513276454311712770670488602546907021","25194"
"bitflyer-xrp-jpy-spot","2023-10-18T00:00:00.000000000Z","73.7","73.13","73.78","71","73.15975321202727","1304974.207013","637157.6161253724979199581861717158177562051055","27470"
"bitflyer-xrp-jpy-spot","2023-10-19T00:00:00.000000000Z","73.14","77.81","78.5","71.66","75.50181217308336","3509744.703859","1768035.46620959300834340222222765108854052751644","36365"
"bitflyer-xrp-jpy-spot","2023-10-20T00:00:00.000000000Z","77.8","77.19","79.4","76.4","77.86682728518874","3892814.86533","2023008.34838503109803274383127285094172006730083","33384"
"bitflyer-xrp-jpy-spot","2023-10-21T00:00:00.000000000Z","77.19","78.03","79.6","76.64","77.84932476816701","1133419.780014","589321.50601713742245202670509976256122192321974","25410"
"bitflyer-xrp-jpy-spot","2023-10-22T00:00:00.000000000Z","78.04","78.17","78.5","77","77.74622061747512","877673.335791","455894.51212552585019913176003755744135505109016","20675"
"bitflyer-xrp-jpy-spot","2023-10-23T00:00:00.000000000Z","78.17","81.67","82.2","77.9","79.66073687715224","5218501.069912","2778923.65144759937040336736623315430079843535744","33596"
"bitflyer-xrp-jpy-spot","2023-10-24T00:00:00.000000000Z","81.7","83.64","86.83","79.9","83.04225006107305","6527061.855567","3633214.81330694009089544860370397522561299323738","40285"
"bitflyer-xrp-jpy-spot","2023-10-25T00:00:00.000000000Z","83.67","83.44","84.43","81.18","82.96587265948824","3255328.201179","1802728.56947548483841908072973734088367677224087","22326"
"bitflyer-xrp-jpy-spot","2023-10-26T00:00:00.000000000Z","83.44","83.37","85.52","81.8","83.59013787206485","2983906.060929","1657944.66423754641380446760282154519467061334532","33671"
"bitflyer-xrp-jpy-spot","2023-10-27T00:00:00.000000000Z","83.37","81.42","84.06","80.65","82.358286376999","2003914.471629","1099289.29651699190592437926828134866587270458001","29927"
"bitflyer-xrp-jpy-spot","2023-10-28T00:00:00.000000000Z","81.41","81.71","82.47","81","81.77935375382676","740436.649859","404097.55727872774156257570415991711471794720942","25203"
"bitflyer-xrp-jpy-spot","2023-10-29T00:00:00.000000000Z","81.75","83.32","84","81.13","82.64980796440756","1204633.873547","664746.69825938401861168359585123450452494456195","23155"
"bitflyer-xrp-jpy-spot","2023-10-30T00:00:00.000000000Z","83.34","86.22","87.16","82.4","85.45385695088231","2719872.229482","1554759.9880774803425109864433252081932425069081","28529"
"bitflyer-xrp-jpy-spot","2023-10-31T00:00:00.000000000Z","86.22","90.76","93.65","84.97","89.54562242017639","5105582.723759","3033544.23202071008643370043251116506622423990709","35645"
"bitflyer-xrp-jpy-spot","2023-11-01T00:00:00.000000000Z","90.76","91.72","92.95","88.1","90.96689402219987","3609575.00252","2169626.72588661967417833108322940023973327104363","30238"
"bitflyer-xrp-jpy-spot","2023-11-02T00:00:00.000000000Z","91.72","91.32","93.93","89","91.94446621826529","4206368.713014","2567262.88018704226356418567489203745403411300622","39098"
"bitflyer-xrp-jpy-spot","2023-11-03T00:00:00.000000000Z","91.32","91.68","92.18","89.27","90.74282834479771","3079090.318551","1859574.54431037869775959503722566371976230055308","30652"
"bitflyer-xrp-jpy-spot","2023-11-04T00:00:00.000000000Z","91.68","92.06","92.45","91.22","91.91036455956908","1008944.63338","619636.46081848411347882265244673642294926369204","20013"
"bitflyer-xrp-jpy-spot","2023-11-05T00:00:00.000000000Z","91.98","98.78","98.99","91.87","95.88689214237073","5851272.884532","3756324.93279084843268707689800350018506677739109","45938"
"bitflyer-xrp-jpy-spot","2023-11-06T00:00:00.000000000Z","98.8","107.27","109.7","98.41","104.4603072871337","9769200.352125","6816312.57915649033981304202914551126353511223502","42917"
"bitflyer-xrp-jpy-spot","2023-11-07T00:00:00.000000000Z","107.27","103.07","107.39","98.56","102.8047665098755","6973740.123983","4768785.57758332323595231513564021277344199506786","41414"
"bitflyer-xrp-jpy-spot","2023-11-08T00:00:00.000000000Z","103","103.71","105.29","101.32","103.5815872350578","3185073.798742","2189075.1365999146434580462830909367027994197111","32211"
"bitflyer-xrp-jpy-spot","2023-11-09T00:00:00.000000000Z","103.71","101.07","106.83","95","102.4443961437621","8097365.107361","5490298.8055602622134932087794051854116980562041","41680"
"bitflyer-xrp-jpy-spot","2023-11-10T00:00:00.000000000Z","101.07","100.04","101.8","96.5","99.48968352805781","3575073.474717","2347729.87140620505469922316503089359096234115448","21676"
"bitflyer-xrp-jpy-spot","2023-11-11T00:00:00.000000000Z","100.12","100.58","104.08","97.43","101.0151529181323","3808511.646029","2535130.0764979639327211540956013796949530980571","39910"
"bitflyer-xrp-jpy-spot","2023-11-12T00:00:00.000000000Z","100.58","100.46","101.76","98.2","100.4350139537022","2298238.186468","1521612.0647748990465965005579784391692470044657","21707"
"bitflyer-xrp-jpy-spot","2023-11-13T00:00:00.000000000Z","100.46","101.69","113.25","97.3","102.3331634502781","7255433.606068","4890490.56612399476276305884458517626756993064842","35991"
"bitflyer-xrp-jpy-spot","2023-11-14T00:00:00.000000000Z","101.68","95.04","101.99","92","98.21453014558839","5314171.165394","3449642.09337715126763394391013581762307030481518","36541"
"bitflyer-xrp-jpy-spot","2023-11-15T00:00:00.000000000Z","95.04","98.13","98.44","94.45","96.1644326421197","2653106.761982","1689317.19979231084297871037829186245412361956767","20818"
"bitflyer-xrp-jpy-spot","2023-11-16T00:00:00.000000000Z","98.05","92.52","98.7","91.2","95.05096664002696","3898492.187445","2451970.70396734837798458553763206776913860029335","31748"
"bitflyer-xrp-jpy-spot","2023-11-17T00:00:00.000000000Z","92.5","91.94","94.2","87.92","91.25110381865023","3634305.000351","2208373.06935327105425017611327405513770949729364","34466"
"bitflyer-xrp-jpy-spot","2023-11-18T00:00:00.000000000Z","91.94","91.58","92.08","88.5","90.68491711722225","1983057.641288","1199460.8089900359386765083007332819934403494188","25397"
"bitflyer-xrp-jpy-spot","2023-11-19T00:00:00.000000000Z","91.58","93.91","94.37","90.23","92.31812132172558","2483502.470819","1529462.84843081141470356783718715179005361853953","25310"
"bitflyer-xrp-jpy-spot","2023-11-20T00:00:00.000000000Z","93.92","90.92","94.11","90.25","92.22368760747483","2254690.123329","1397427.40899800722120635832655950526125590239369","32158"
"bitflyer-xrp-jpy-spot","2023-11-21T00:00:00.000000000Z","90.93","85.94","91.57","85.34","88.76086197161939","3858378.997208","2311527.56759813034973228648408808019112138405183","32343"
"bitflyer-xrp-jpy-spot","2023-11-22T00:00:00.000000000Z","85.94","91.34","92.07","85.76","89.16842213375283","2876826.015443","1718959.59543353235198730305840306339883476351708","27385"
"bitflyer-xrp-jpy-spot","2023-11-23T00:00:00.000000000Z","91.34","92.87","93.29","90.48","91.76045760157814","1935758.151444","1188650.40683338037249761481219416570870965855858","26710"
"bitflyer-xrp-jpy-spot","2023-11-24T00:00:00.000000000Z","92.89","92.96","93.6","92.23","92.86983210433948","1666771.445762","1035197.58239707810799179130924960431687253166625","25012"
"bitflyer-xrp-jpy-spot","2023-11-25T00:00:00.000000000Z","92.96","93.31","93.37","92.3","92.94755110985593","733497.310425","455531.79578864276028025195292046949860515014647","18020"
"bitflyer-xrp-jpy-spot","2023-11-26T00:00:00.000000000Z","93.22","92.3","95.36","91.11","93.51633968359811","2077255.098544","1297991.26800937551402862865274134813458787300362","25811"
"bitflyer-xrp-jpy-spot","2023-11-27T00:00:00.000000000Z","92.3","89.91","92.49","88.71","90.35072327372297","2516830.689922","1523115.7645457168901397961122697648848692116798","25446"
"bitflyer-xrp-jpy-spot","2023-11-28T00:00:00.000000000Z","89.9","89.93","90.83","88.67","89.91093450415307","1633113.946832","989998.71748608889952322286673743055707797185427","27818"
"bitflyer-xrp-jpy-spot","2023-11-29T00:00:00.000000000Z","89.93","89.81","91.15","89.24","90.15432286863288","1401157.921933","856323.99211174701177774590275755020926308351315","33282"
"bitflyer-xrp-jpy-spot","2023-11-30T00:00:00.000000000Z","89.81","89.75","90.05","88.15","89.23276292038123","1145965.015032","692628.50795417288559745969118907305669381972922","37192"
"bitflyer-xrp-jpy-spot","2023-12-01T00:00:00.000000000Z","89.75","90.06","90.82","89.34","90.1833277153365","1043956.229425","637063.37099670934172853370662482909820551324541","29743"
"bitflyer-xrp-jpy-spot","2023-12-02T00:00:00.000000000Z","90.1","91.05","91.35","89.9","90.62715550019379","757454.072884","467576.81593603936047117529056186596819798502715","19911"
"bitflyer-xrp-jpy-spot","2023-12-03T00:00:00.000000000Z","91.09","91.29","93.06","90.6","91.68193130090552","2244376.616314","1400733.94854515764476654509985753869807260728391","25095"
"bitflyer-xrp-jpy-spot","2023-12-04T00:00:00.000000000Z","91.3","91.99","94.69","88.38","91.84328493564182","4017819.387171","2512816.08439761870140661615671673470304752489695","28884"
"bitflyer-xrp-jpy-spot","2023-12-05T00:00:00.000000000Z","91.99","91.47","92.67","89.46","90.99312453882149","2916444.806713","1802672.24075245388454316002082249580706607445092","28674"
"bitflyer-xrp-jpy-spot","2023-12-06T00:00:00.000000000Z","91.46","94.13","94.71","90.12","92.61164935252797","4402939.71244","2767989.64800196977672868577406513599589605382646","35015"
"bitflyer-xrp-jpy-spot","2023-12-07T00:00:00.000000000Z","94.13","92.94","96.03","90.5","93.13237922883961","4145337.074638","2652299.70680304559925540148850907600453579696076","41997"
"bitflyer-xrp-jpy-spot","2023-12-08T00:00:00.000000000Z","92.94","97.55","97.89","91.63","94.69529555135307","3073998.208619","2013984.670787452520318013043736674126414965133","50185"
"bitflyer-xrp-jpy-spot","2023-12-09T00:00:00.000000000Z","97.56","95.62","101.47","94.8","98.70402874960467","4815091.339184","3275607.59104971366522867832158216496764222955024","45907"
"bitflyer-xrp-jpy-spot","2023-12-10T00:00:00.000000000Z","95.63","96.03","97.36","94.11","95.90141828581367","2104891.16906","1390862.88688699590855906444354589365166219405998","27474"
"bitflyer-xrp-jpy-spot","2023-12-11T00:00:00.000000000Z","96.05","90.7","96.24","88.42","91.07314151834253","5247424.137404","3267655.36160782600037514446288021858169673999483","37262"
"bitflyer-xrp-jpy-spot","2023-12-12T00:00:00.000000000Z","90.69","90.1","91.57","88.61","90.12498008980317","2617104.276965","1617437.98544626386773225109664363575792970968903","29022"
"bitflyer-xrp-jpy-spot","2023-12-13T00:00:00.000000000Z","90.11","89.79","91.26","87","89.37674875623643","7795908.496474","4827286.22542469120741759674930262509892307802918","35373"
"bitflyer-xrp-jpy-spot","2023-12-14T00:00:00.000000000Z","89.86","89.99","90.5","86.55","89.01420402162899","2065386.418296","1293374.03304208101465781607101258624677145820029","43561"
"bitflyer-xrp-jpy-spot","2023-12-15T00:00:00.000000000Z","89.99","87.79","91.57","87.48","89.52723630961691","2069960.883498","1302482.75383635556656994628198755440033366475496","34080"
"bitflyer-xrp-jpy-spot","2023-12-16T00:00:00.000000000Z","87.8","88.43","89.15","87.16","88.37711942538621","1322310.168241","819821.43365291403886624713156351588621018238618","27554"
"bitflyer-xrp-jpy-spot","2023-12-17T00:00:00.000000000Z","88.43","87.03","88.83","86.8","87.95015663383672","1779465.031061","1097737.30110527099260130135793273484809378445484","34433"
"bitflyer-xrp-jpy-spot","2023-12-18T00:00:00.000000000Z","87.11","87.44","87.7","82.9","85.49897766924833","3098225.842246","1854798.44901988368521267969012153340833318366925","35065"
"bitflyer-xrp-jpy-spot","2023-12-19T00:00:00.000000000Z","87.45","87.14","88.66","85.92","87.56811655097587","2396160.273581","1458293.65381622549532324983465922299279681254353","34866"
"bitflyer-xrp-jpy-spot","2023-12-20T00:00:00.000000000Z","87.15","88.67","90","86.69","88.42411880945334","2528481.576844","1555221.36955866317961614541177178159021542909148","26326"
"bitflyer-xrp-jpy-spot","2023-12-21T00:00:00.000000000Z","88.67","88.74","89.19","87.13","88.14766401652489","1657996.620901","1023750.84945064926993737587425365975300789216732","26138"
"bitflyer-xrp-jpy-spot","2023-12-22T00:00:00.000000000Z","88.74","88.97","90.07","87.7","88.55421601066197","2060773.924182","1280676.50288406085531872230478812015431503392434","32650"
"bitflyer-xrp-jpy-spot","2023-12-23T00:00:00.000000000Z","88.98","88.32","89.07","87.25","87.9416597779283","991485.949162","611381.70506190255361055434802447110767678454886","21180"
"bitflyer-xrp-jpy-spot","2023-12-24T00:00:00.000000000Z","88.29","87.5","89.6","86.67","88.12157290009939","1752069.273959","1082799.72793522081923610879658247507205942810561","24194"
"bitflyer-xrp-jpy-spot","2023-12-25T00:00:00.000000000Z","87.5","91.91","92.5","86.96","90.50699564527161","3830809.395973","2430656.12828586217283782609556135453177777889564","32457"
"bitflyer-xrp-jpy-spot","2023-12-26T00:00:00.000000000Z","91.91","88.93","92.05","86.68","89.09878608979526","2734161.205835","1705714.28165157480969982946140600525529942505758","32893"
"bitflyer-xrp-jpy-spot","2023-12-27T00:00:00.000000000Z","88.93","89.77","90.99","87.67","89.51915317530586","1962356.273695","1231421.92567370476119025099282166930481643231835","41882"
"bitflyer-xrp-jpy-spot","2023-12-28T00:00:00.000000000Z","89.79","90.01","92.85","88.49","90.44124239702091","4099858.522385","2621044.21189075512930984910569160927411338397779","32715"
"bitflyer-xrp-jpy-spot","2023-12-29T00:00:00.000000000Z","89.97","88.29","90.39","87","88.74050293316732","2877941.081628","1801200.1651533277114390155576336468279884338118","34100"
"bitflyer-xrp-jpy-spot","2023-12-30T00:00:00.000000000Z","88.29","87.66","88.93","87.27","88.10352834338959","1759426.613357","1095526.08435677271027632244869200941655963348952","27034"
"bitflyer-xrp-jpy-spot","2023-12-31T00:00:00.000000000Z","87.67","87.2","88.51","86.2","87.71054744854401","2282862.804736","1417446.9514056829210160281370334546069726938046","33814"
"bitflyer-xrp-jpy-spot","2024-01-01T00:00:00.000000000Z","87.2","88.87","88.89","86.13","87.42383595137351","1377922.88868","852008.86651508026779379417360600648696178146916","31291"
"bitflyer-xrp-jpy-spot","2024-01-02T00:00:00.000000000Z","88.88","88.84","90.72","88.36","89.39599226218187","2689442.949765","1699407.86948845003581025241257587199878653824829","27597"
"bitflyer-xrp-jpy-spot","2024-01-03T00:00:00.000000000Z","88.84","83.69","90.7","79.48","84.3168584261783","6655935.784997","3924722.24533549532786410766090527230971128903618","41653"
"bitflyer-xrp-jpy-spot","2024-01-04T00:00:00.000000000Z","83.7","85","85.83","82.08","83.81557855046038","3449440.42473","2005859.23823046902555988408118087040174651719062","42488"
"bitflyer-xrp-jpy-spot","2024-01-05T00:00:00.000000000Z","85","83.37","85.24","80.49","82.89917880772459","2839761.12813","1623537.88887675429375151161358566454055880868906","29281"
"bitflyer-xrp-jpy-spot","2024-01-06T00:00:00.000000000Z","83.37","82.3","83.39","80.93","82.25151218195101","2022568.950381","1148884.97191255767149603020050931201786958615305","28278"
"bitflyer-xrp-jpy-spot","2024-01-07T00:00:00.000000000Z","82.3","80.09","83.04","79.41","81.56627528164447","1695073.994291","955315.32818971284288052383719603598135526439112","22696"
"bitflyer-xrp-jpy-spot","2024-01-08T00:00:00.000000000Z","80.09","83.05","84.6","79","81.81910880625039","4854619.805802","2748970.15716557535240639216916894717665490500595","33457"
"bitflyer-xrp-jpy-spot","2024-01-09T00:00:00.000000000Z","83.07","81.94","83.48","80","81.94648565265525","4399537.85726","2500276.72206591618065240287838273048455412148785","30457"
"bitflyer-xrp-jpy-spot","2024-01-10T00:00:00.000000000Z","81.94","87.46","89.35","80.2","84.17717174638658","5050434.106875","2922064.89659634677151852265496808673417736203805","32219"
"bitflyer-xrp-jpy-spot","2024-01-11T00:00:00.000000000Z","87.46","87.51","90.7","85.38","88.09432026889839","5887652.318716","3559386.32551579622672751773650558988763244176178","35783"
"bitflyer-xrp-jpy-spot","2024-01-12T00:00:00.000000000Z","87.51","83.18","87.81","81.5","85.33975853213889","4543853.319219","2669253.0832439575779752356654513663321014820281","39410"
"bitflyer-xrp-jpy-spot","2024-01-13T00:00:00.000000000Z","83.18","83.53","83.87","82.15","83.28009635085331","1934106.860739","1108438.46221411669344043623861058176685208630565","38133"
"bitflyer-xrp-jpy-spot","2024-01-14T00:00:00.000000000Z","83.57","83.72","86.04","83.03","84.09985808494153","2023802.539953","1172531.01432562393583600817615314709462137806601","29832"
"bitflyer-xrp-jpy-spot","2024-01-15T00:00:00.000000000Z","83.75","84.07","85.61","83.03","84.39155825284974","1591952.008829","921672.030270856830124121651689397647217402201","26465"
"bitflyer-xrp-jpy-spot","2024-01-16T00:00:00.000000000Z","84.08","84.85","85.36","83.27","84.48142335479007","1715298.639791","986888.70311938376816714723861365673139176449612","24599"
"bitflyer-xrp-jpy-spot","2024-01-17T00:00:00.000000000Z","84.89","84.26","85.13","83.54","84.50697458112773","1573978.256378","898352.62733934759747273485621651285541664524638","26902"
"bitflyer-xrp-jpy-spot","2024-01-18T00:00:00.000000000Z","84.26","82.05","84.35","80.8","82.92323002780596","2939384.819123","1641591.15515527732529820921340310659764804938691","28709"
"bitflyer-xrp-jpy-spot","2024-01-19T00:00:00.000000000Z","82.09","80.64","82.31","77.62","80.61267641571098","2447297.484161","1327401.49579550346375224428710772213693168729352","24394"
"bitflyer-xrp-jpy-spot","2024-01-20T00:00:00.000000000Z","80.64","82.04","82.18","79.89","81.20997052807182","1210038.771614","662847.50725621403313034170364499788532501935553","25068"
"bitflyer-xrp-jpy-spot","2024-01-21T00:00:00.000000000Z","82.03","81.03","82.3","80.92","81.87631786017097","1145381.74217","632535.17491679628662855379605698434915739700161","22906"
"bitflyer-xrp-jpy-spot","2024-01-22T00:00:00.000000000Z","81.03","78.28","81.49","76.96","79.35811633203707","2874539.674642","1537830.98248002782138033117272207769855112280438","25171"
"bitflyer-xrp-jpy-spot","2024-01-23T00:00:00.000000000Z","78.28","77.01","79.04","73.62","75.97321745975204","3779853.967811","1934417.85560606865605499223013293516742529698991","30889"
"bitflyer-xrp-jpy-spot","2024-01-24T00:00:00.000000000Z","76.97","76.63","77.02","75.5","76.31507592565565","2285428.782767","1177456.42529488668423614732769914551192290996409","23267"
"bitflyer-xrp-jpy-spot","2024-01-25T00:00:00.000000000Z","76.63","76","76.66","74.6","75.71179550615586","1722754.092637","881439.59525619016632244364490241579886083695928","29084"
"bitflyer-xrp-jpy-spot","2024-01-26T00:00:00.000000000Z","76","78.84","79.3","75.19","76.79760583132503","2604684.072743","1352052.38048188516385218115327881252190637455411","34359"
"bitflyer-xrp-jpy-spot","2024-01-27T00:00:00.000000000Z","78.87","78.61","79.42","78.02","78.74536457053896","932117.905863","495325.70623462953272327799220273432120947243825","29819"
"bitflyer-xrp-jpy-spot","2024-01-28T00:00:00.000000000Z","78.62","77.66","79.4","77.19","78.42154445140767","1750483.456384","926657.66913496601279412851963667182180300320769","24864"
"bitflyer-xrp-jpy-spot","2024-01-29T00:00:00.000000000Z","77.68","78.91","79.52","77.06","78.33887685672033","1483429.490432","785791.89033137838017487503859991141370438082493","22836"
"bitflyer-xrp-jpy-spot","2024-01-30T00:00:00.000000000Z","78.91","75.38","79.5","75","77.40145309090213","2674607.977765","1401916.77797062651442588224797591837710396419927","26554"
"bitflyer-xrp-jpy-spot","2024-01-31T00:00:00.000000000Z","75.38","74.09","78.1","72","74.6211032366283","4598074.806964","2326520.38858527181527557476894061344956492824449","30288"
"bitflyer-xrp-jpy-spot","2024-02-01T00:00:00.000000000Z","74.09","74.16","75","72","73.19281078861459","2961113.930639","1474879.01643154884430820844176813178449113921863","38506"
"bitflyer-xrp-jpy-spot","2024-02-02T00:00:00.000000000Z","74.14","75.71","76.26","73.77","74.4894974245833","2172916.255363","1097808.03343450739439347656670995482104856924289","36197"
"bitflyer-xrp-jpy-spot","2024-02-03T00:00:00.000000000Z","75.74","76.93","78.36","75","76.74777170357809","2107775.226962","1090215.47332900651029328684114616872079664616578","40883"
"bitflyer-xrp-jpy-spot","2024-02-04T00:00:00.000000000Z","76.93","74.73","76.99","74.35","75.71784229128554","1529704.324177","780233.19927006718275588957412347027282483265256","37342"
"bitflyer-xrp-jpy-spot","2024-02-05T00:00:00.000000000Z","74.73","75.39","76.6","73.81","75.17319931008496","2984965.383751","1508311.72433323769362008356696079460826717467061","25433"
"bitflyer-xrp-jpy-spot","2024-02-06T00:00:00.000000000Z","75.39","74.64","75.66","74.1","74.90269207126657","2746864.735264","1385634.20009760059414731130553627599812341394542","30743"
"bitflyer-xrp-jpy-spot","2024-02-07T00:00:00.000000000Z","74.64","75.99","76.27","74.03","74.90293837829671","3133096.850706","1584793.59125497470957088856613947223081559013069","25361"
"bitflyer-xrp-jpy-spot","2024-02-08T00:00:00.000000000Z","75.99","76.81","77.83","75.64","76.51826459209105","3131754.369328","1610654.37145710840192474199273862346490829865554","25777"
"bitflyer-xrp-jpy-spot","2024-02-09T00:00:00.000000000Z","76.84","78.4","78.67","76.7","77.88366992071151","3247327.418195","1695247.27864538598684610323003563652452913523106","27401"
"bitflyer-xrp-jpy-spot","2024-02-10T00:00:00.000000000Z","78.4","78.05","78.8","77.44","78.10732551857017","1809076.506486","948239.19894714437181381672599339040881135812879","24314"
"bitflyer-xrp-jpy-spot","2024-02-11T00:00:00.000000000Z","78.08","78.48","79.88","77.6","78.76990611240238","2845133.238554","1504801.95522755696151411654284197928987069487088","25688"
"bitflyer-xrp-jpy-spot","2024-02-12T00:00:00.000000000Z","78.48","79.12","79.46","76.59","78.00049486755539","5433220.017785","2860944.21960548377348474453516387770322358798099","34304"
"bitflyer-xrp-jpy-spot","2024-02-13T00:00:00.000000000Z","79.11","78.99","79.69","77.3","78.69122718560813","4157791.458717","2184973.50103211324028573104599452743510165664285","31899"
"bitflyer-xrp-jpy-spot","2024-02-14T00:00:00.000000000Z","78.99","81.1","81.6","78.3","79.9615803642466","3997265.845937","2124730.51884236011285597100483942064088183185532","29222"
"bitflyer-xrp-jpy-spot","2024-02-15T00:00:00.000000000Z","81.1","84.38","86.48","80.85","83.1329545974935","8417567.573953","4660606.91392462897851306736920443063502026076239","39511"
"bitflyer-xrp-jpy-spot","2024-02-16T00:00:00.000000000Z","84.38","84.94","87.2","83.03","85.19982752285532","5134162.252113","2906983.6754219866404752402766297580684203407529","28682"
"bitflyer-xrp-jpy-spot","2024-02-17T00:00:00.000000000Z","84.94","82.65","85.09","81.16","82.8696183385915","2525454.947458","1390871.03130411584685445385017850815523315791042","28316"
"bitflyer-xrp-jpy-spot","2024-02-18T00:00:00.000000000Z","82.65","83.61","84.49","82.29","83.5383477422796","1989159.087057","1105930.07497485748722767889288886573050853834664","33088"
"bitflyer-xrp-jpy-spot","2024-02-19T00:00:00.000000000Z","83.62","84.65","85.35","83.22","84.16909142379577","4363337.189178","2445001.75357177535583517279342037187690369299951","40301"
"bitflyer-xrp-jpy-spot","2024-02-20T00:00:00.000000000Z","84.65","84.32","86.5","81.61","84.71376657194379","7251021.177416","4084633.95368001955438215229273441953790809681539","50101"
"bitflyer-xrp-jpy-spot","2024-02-21T00:00:00.000000000Z","84.39","82.67","84.44","80.17","81.9638555911337","5097555.089961","2778417.01558714008343573603373793493409517267106","47206"
"bitflyer-xrp-jpy-spot","2024-02-22T00:00:00.000000000Z","82.68","81.51","83.51","80.76","81.89164983896012","3393950.803047","1846240.66757526422645518861824913104237243767222","38668"
"bitflyer-xrp-jpy-spot","2024-02-23T00:00:00.000000000Z","81.51","80.48","81.9","79.35","80.59234406013492","3955641.013542","2114287.64942624766839057116324307727410429947909","28318"
"bitflyer-xrp-jpy-spot","2024-02-24T00:00:00.000000000Z","80.45","82.05","82.5","80","81.49118066434406","1582093.215972","856173.21127004924713095052181077425643055891424","20226"
"bitflyer-xrp-jpy-spot","2024-02-25T00:00:00.000000000Z","82.07","81.62","82.49","81.52","82.04074072581447","1213000.691365","661457.01789540470098791872301073867229038424071","20345"
"bitflyer-xrp-jpy-spot","2024-02-26T00:00:00.000000000Z","81.65","82.94","83.33","79.77","81.65810373464047","4155168.691309","2252915.35678637198746650084298708872640590105225","24149"
"bitflyer-xrp-jpy-spot","2024-02-27T00:00:00.000000000Z","82.94","88.25","89.84","82.46","85.50821407836414","5987328.681221","3402359.11137025374565620254636218584819852021961","32002"
"bitflyer-xrp-jpy-spot","2024-02-28T00:00:00.000000000Z","88.25","86.8","91.28","83","87.64099861450307","7667523.161379","4457569.83139667781833754725406108404634523613548","36096"
"bitflyer-xrp-jpy-spot","2024-02-29T00:00:00.000000000Z","86.8","88.03","93.85","85.41","89.50314040871931","9419872.500562","5620622.56806948651965382879062412788481997902055","42118"
"bitflyer-xrp-jpy-spot","2024-03-01T00:00:00.000000000Z","88.03","90.26","90.65","87.87","89.04513724248841","5133855.916696","3038929.71081320241553335660934795886648137795871","32673"
"bitflyer-xrp-jpy-spot","2024-03-02T00:00:00.000000000Z","90.26","96.71","97.7","90.04","94.81323971548778","8351937.429858","5271751.6404834255240035356711376923048714550267","35949"
"bitflyer-xrp-jpy-spot","2024-03-03T00:00:00.000000000Z","96.71","94.13","96.76","88.99","93.47252935059461","7191382.488067","4474296.63226200179738951526060292275719718814458","36704"
"bitflyer-xrp-jpy-spot","2024-03-04T00:00:00.000000000Z","94.16","97.5","100","92","97.12773112297403","12680211.473446","8200728.149868903757248460740717756003017610044","45645"
"bitflyer-xrp-jpy-spot","2024-03-05T00:00:00.000000000Z","97.51","89","100.72","82.5","94.35681844889329","18636981.979104","11704602.03836294755501824488106222367720530441072","64978"
"bitflyer-xrp-jpy-spot","2024-03-06T00:00:00.000000000Z","88.99","91.55","93.7","86.49","90.38003846746484","10606069.831796","6403170.74971518348443521911884463299533476043396","49287"
"bitflyer-xrp-jpy-spot","2024-03-07T00:00:00.000000000Z","91.55","92.92","94.65","90.49","92.43159476427579","7900783.538492","4920018.71913309483265044881144967766468369081551","39581"
"bitflyer-xrp-jpy-spot","2024-03-08T00:00:00.000000000Z","92.92","91.51","93.87","88","91.84106669426644","4990268.255038","3108744.04889561564201827965890845636871372848113","30343"
"bitflyer-xrp-jpy-spot","2024-03-09T00:00:00.000000000Z","91.51","91.55","93.34","90.77","92.12887025254501","3801571.473314","2379256.50393340191838274494854001564332707886351","42718"
"bitflyer-xrp-jpy-spot","2024-03-10T00:00:00.000000000Z","91.55","89.5","92.52","88.17","90.7786464830742","5020018.11477","3097707.50202935489347711133215353717163653658765","35661"
"bitflyer-xrp-jpy-spot","2024-03-11T00:00:00.000000000Z","89.5","103.56","106.78","86","96.84900176016318","14076771.664353","9330296.41138590752472737518929628959467392746192","43099"
"bitflyer-xrp-jpy-spot","2024-03-12T00:00:00.000000000Z","103.5","101.59","105","97.51","102.5269601762025","10364446.052572","7200216.15158135206267157364627748413575088871403","42853"
"bitflyer-xrp-jpy-spot","2024-03-13T00:00:00.000000000Z","101.73","102.01","103.87","99.1","101.900560393665","5918167.719978","4078915.37408606547668746673218013307815957291737","40528"
"bitflyer-xrp-jpy-spot","2024-03-14T00:00:00.000000000Z","101.85","99.73","104.73","95.39","100.7928977966477","9527902.002903","6472643.89800903354633724124278866187769367669533","61113"
"bitflyer-xrp-jpy-spot","2024-03-15T00:00:00.000000000Z","99.73","94.53","100.59","88.9","94.03462098127156","9157353.285233","5783760.55231415705124075541830745850763496327184","44348"
"bitflyer-xrp-jpy-spot","2024-03-16T00:00:00.000000000Z","94.51","89.85","96.5","88.1","92.06237637000665","5570756.614256","3438974.49954868475440599812454651342030404943114","29327"
"bitflyer-xrp-jpy-spot","2024-03-17T00:00:00.000000000Z","89.85","92.33","93","87.53","90.77478274099288","3906155.052921","2379989.0351150445880979134907247253363893831325","28142"
"bitflyer-xrp-jpy-spot","2024-03-18T00:00:00.000000000Z","92.33","96.11","99.59","88.73","92.41582134908296","9599957.665906","5943913.84272139450439746985374512961417618634702","34870"
"bitflyer-xrp-jpy-spot","2024-03-19T00:00:00.000000000Z","96.11","88.29","96.68","86.2","90.12890655555344","11296233.292484","6768556.36488074576361648904301628322964697131808","42245"
"bitflyer-xrp-jpy-spot","2024-03-20T00:00:00.000000000Z","88.29","92.23","93.69","86.2","89.40408831123562","9302616.808506","5491421.96920031691949417363122866337694268288215","36965"
"bitflyer-xrp-jpy-spot","2024-03-21T00:00:00.000000000Z","92.24","97.05","98.99","90.3","94.43072251220685","8064874.536066","5032763.93581531039165536785334968800790454775875","34632"
"bitflyer-xrp-jpy-spot","2024-03-22T00:00:00.000000000Z","97.05","92.91","97.7","90.7","94.08919870248771","4687726.459094","2907795.9040975648558435220197466271724199410869","23740"
"bitflyer-xrp-jpy-spot","2024-03-23T00:00:00.000000000Z","92.91","93.49","95.94","91.62","93.9379158610136","2802992.523189","1735748.43412866430388439092187006931199991491497","24971"
"bitflyer-xrp-jpy-spot","2024-03-24T00:00:00.000000000Z","93.49","95.61","96.27","93.06","95.13317638344279","3051086.356438","1915780.01549094300954146709845344617908016424616","20175"
"bitflyer-xrp-jpy-spot","2024-03-25T00:00:00.000000000Z","95.61","96.83","100.12","95","96.73099619962796","5158097.650927","3298032.29264429581897840243321360547964618296417","27658"
"bitflyer-xrp-jpy-spot","2024-03-26T00:00:00.000000000Z","96.83","95.86","98.95","94.8","97.09547758573263","4752951.27567","3047590.9092024523614802477907783989437206443779","27674"
"bitflyer-xrp-jpy-spot","2024-03-27T00:00:00.000000000Z","95.86","92.68","96.3","91.65","94.18946967243248","5296377.97395","3289697.96495574965862721042700290013252391199476","28872"
"bitflyer-xrp-jpy-spot","2024-03-28T00:00:00.000000000Z","92.68","94.62","96.5","91.63","93.82449729049873","6331376.902516","3922199.36201856054151560855473663417165978211199","27672"
"bitflyer-xrp-jpy-spot","2024-03-29T00:00:00.000000000Z","94.62","95.7","97.72","92.56","94.7232556591852","4727313.986775","2951632.82129179149242921550449818463178509390438","29824"
"bitflyer-xrp-jpy-spot","2024-03-30T00:00:00.000000000Z","95.7","94.39","96.63","93.83","95.06161989533284","3109425.383482","1948548.05338816751412590913515781876905084899319","25141"
"bitflyer-xrp-jpy-spot","2024-03-31T00:00:00.000000000Z","94.39","95.29","95.38","94.22","94.91691716276025","2917667.805496","1827801.94001730125441766593934240748858973902452","23904"
"bitflyer-xrp-jpy-spot","2024-04-01T00:00:00.000000000Z","95.29","92.84","95.87","90.56","93.29224549811754","5353234.186841","3287588.04893352424197433108310912233245664920493","27462"
"bitflyer-xrp-jpy-spot","2024-04-02T00:00:00.000000000Z","92.84","89.22","94","88","90.47973849061247","7297150.980066","4338581.78522204677102262081511155387124380330398","31183"
"bitflyer-xrp-jpy-spot","2024-04-03T00:00:00.000000000Z","89.22","87.3","90.41","86.15","88.52162007386584","5039009.717753","2930655.76635843748779227419503897031342533962835","26116"
"bitflyer-xrp-jpy-spot","2024-04-04T00:00:00.000000000Z","87.31","89.95","93.74","85.6","88.90684372783261","4155062.395248","2431976.40299004610562293653428904446092426578975","25219"
"bitflyer-xrp-jpy-spot","2024-04-05T00:00:00.000000000Z","89.95","89.06","90","86.5","88.28438867052914","3310579.400691","1926203.2234069928384546795806747226548411100153","22355"
"bitflyer-xrp-jpy-spot","2024-04-06T00:00:00.000000000Z","89.06","89.98","90.91","88.8","89.74275999129386","1299643.924006","768499.71113492501945843256945999883116719621506","16056"
"bitflyer-xrp-jpy-spot","2024-04-07T00:00:00.000000000Z","89.98","90.31","94","89.61","90.66543668785155","2097652.507618","1253206.19893352300419695749694443439358587200708","20156"
"bitflyer-xrp-jpy-spot","2024-04-08T00:00:00.000000000Z","90.26","93.27","94.77","89.5","91.99177169535517","5686439.621656","3450628.66614360112545211302511860698805923645178","28961"
"bitflyer-xrp-jpy-spot","2024-04-09T00:00:00.000000000Z","93.29","93.33","98.14","91.5","94.35109556993311","5407914.899891","3357722.68273698731237452241842549042647317023706","31629"
"bitflyer-xrp-jpy-spot","2024-04-10T00:00:00.000000000Z","93.33","94.37","94.93","90.81","92.77746844548741","5198779.84123","3166052.70666984221061434976056433966489049382822","27037"
"bitflyer-xrp-jpy-spot","2024-04-11T00:00:00.000000000Z","94.37","93.38","95.27","92.51","94.10080716254078","2427612.552779","1491859.67847474909998025807197415591347787062026","19328"
"bitflyer-xrp-jpy-spot","2024-04-12T00:00:00.000000000Z","93.42","84.51","94.46","81","88.25649964290134","10254835.605064","5887486.07007729702109740189212651130466435058022","36767"
"bitflyer-xrp-jpy-spot","2024-04-13T00:00:00.000000000Z","84.51","74.91","84.7","66.29","79.28362506288561","15215631.887692","7750865.04239383550365579198663067536761815225698","44895"
"bitflyer-xrp-jpy-spot","2024-04-14T00:00:00.000000000Z","74.92","77.57","78.32","72","75.35626594201663","6980330.891434","3413150.33870310949261817001796964665657413914589","33376"
"bitflyer-xrp-jpy-spot","2024-04-15T00:00:00.000000000Z","77.56","77.21","80.92","75.51","77.8562495058673","7917170.080443","3989955.58138112478288408689265676304329876134008","38216"
"bitflyer-xrp-jpy-spot","2024-04-16T00:00:00.000000000Z","77.21","77.18","78.32","74.47","76.34173537483176","6671894.175345","3273341.67333883690615093623016550605918773464423","35088"
"bitflyer-xrp-jpy-spot","2024-04-17T00:00:00.000000000Z","77.1","76.63","78.75","73.21","76.61592455011988","6352930.69177","3138172.98757036257100159605720842913572202661062","33861"
"bitflyer-xrp-jpy-spot","2024-04-18T00:00:00.000000000Z","76.69","77.89","78.35","75.21","76.58361551874716","4836376.453919","2393298.7731381412901427266840671107818258065404","29028"
"bitflyer-xrp-jpy-spot","2024-04-19T00:00:00.000000000Z","77.92","77.85","79.02","72","75.67398691973768","7125463.87689","3489314.81833899088084293690710527020726050418292","31281"
"bitflyer-xrp-jpy-spot","2024-04-20T00:00:00.000000000Z","77.86","81.86","82.08","77.22","80.13226143218048","3588441.19993","1856434.00971322915633706000328865972331930128237","24218"
"bitflyer-xrp-jpy-spot","2024-04-21T00:00:00.000000000Z","81.86","81.21","83.12","80.23","81.79310410787083","3623955.762349","1914525.80143050234122548876413902968989175289057","23869"
"bitflyer-xrp-jpy-spot","2024-04-22T00:00:00.000000000Z","81.21","86.23","88.5","80.84","83.88584010157849","4513680.157984","2443986.21832784424691231873290789208991366891499","25877"
"bitflyer-xrp-jpy-spot","2024-04-23T00:00:00.000000000Z","86.23","84.44","86.49","84.13","85.06304086421511","3421339.569045","1876949.07729854115639600922525549877203098106262","28451"
"bitflyer-xrp-jpy-spot","2024-04-24T00:00:00.000000000Z","84.44","82.02","85.65","81","83.61684126534965","5757024.393836","3101001.44070394027244037139683232036059381107606","34309"
"bitflyer-xrp-jpy-spot","2024-04-25T00:00:00.000000000Z","82.02","81.8","82.89","80.11","81.64771182227795","5659816.745257","2964932.85076342867132959121601996015612467417044","30588"
"bitflyer-xrp-jpy-spot","2024-04-26T00:00:00.000000000Z","81.8","83.27","83.87","80.59","82.25558792205368","4635789.346908","2434070.89734549994884147451549808224897625560787","28197"
"bitflyer-xrp-jpy-spot","2024-04-27T00:00:00.000000000Z","83.27","81.98","83.37","80.7","81.95525175880684","2923712.571","1510950.80779872074510912480624556225067541611116","27081"
"bitflyer-xrp-jpy-spot","2024-04-28T00:00:00.000000000Z","81.98","80.83","83.1","80.6","82.17749279031171","4011359.407747","2082339.25666175676494983314708994229037310993677","25683"
"bitflyer-xrp-jpy-spot","2024-04-29T00:00:00.000000000Z","80.84","80.59","82.17","77.71","79.56928615193582","6793894.499847","3443218.96169640458007166805751419835322503367681","32713"
"bitflyer-xrp-jpy-spot","2024-04-30T00:00:00.000000000Z","80.54","79.44","81.5","76.64","79.43558252028387","7550808.430992","3808092.43250247236551158666496227471829573173528","33262"
"bitflyer-xrp-jpy-spot","2024-05-01T00:00:00.000000000Z","79.33","80.72","82.26","75.78","78.93822269562885","8014119.548641","4009387.30663624287314299010291115205629619340429","36415"
"bitflyer-xrp-jpy-spot","2024-05-02T00:00:00.000000000Z","80.72","79.44","81.3","78.94","80.04200128265478","3576625.518378","1839950.79330426746695699576180197704625146842022","26019"
"bitflyer-xrp-jpy-spot","2024-05-03T00:00:00.000000000Z","79.44","81.43","82.09","79.01","80.13236391428513","3209774.874535","1678722.94208566727635900531026733589844971491081","26802"
"bitflyer-xrp-jpy-spot","2024-05-04T00:00:00.000000000Z","81.43","81.27","82.9","80.85","81.57276602175814","2187226.737353","1164107.87218876663578637200157206545205028904509","24160"
"bitflyer-xrp-jpy-spot","2024-05-05T00:00:00.000000000Z","81.27","81.41","81.73","80.31","80.98072120406965","1459089.690694","771327.55194097540177799849684905076667947165317","21627"
"bitflyer-xrp-jpy-spot","2024-05-06T00:00:00.000000000Z","81.41","83.42","87.75","80.62","83.67684976684842","4474721.003562","2431757.33239123817597431147495337422303868826591","32435"
"bitflyer-xrp-jpy-spot","2024-05-07T00:00:00.000000000Z","83.42","81.43","84.35","81","83.22743664843259","3227556.753466","1735745.55238739289875916105020753868588204017808","27849"
"bitflyer-xrp-jpy-spot","2024-05-08T00:00:00.000000000Z","81.44","80.5","82.48","80.26","81.29224804533919","2859783.252007","1493408.26812210972238883506768821136555571049434","29159"
"bitflyer-xrp-jpy-spot","2024-05-09T00:00:00.000000000Z","80.5","80.98","81.82","79.3","80.67676252075387","2384426.742689","1233336.90935903748165681034815500501793335596628","26855"
"bitflyer-xrp-jpy-spot","2024-05-10T00:00:00.000000000Z","80.98","78.45","81","77.64","79.55532158165235","2534531.848179","1292185.48831453130385896614684068275234274006705","26860"
"bitflyer-xrp-jpy-spot","2024-05-11T00:00:00.000000000Z","78.45","78.97","79.23","78.2","78.73897433533561","1539469.022594","775858.95075456377234872540307433698530624527007","21726"
"bitflyer-xrp-jpy-spot","2024-05-12T00:00:00.000000000Z","78.98","77.95","79.4","77.2","78.69279695902813","1904114.534324","959909.82256910032373911478045447472566958362574","21281"
"bitflyer-xrp-jpy-spot","2024-05-13T00:00:00.000000000Z","77.95","78.96","79.92","76.09","78.11611702712641","3914754.866727","1958097.18737963073978701172508192969415822457604","27000"
"bitflyer-xrp-jpy-spot","2024-05-14T00:00:00.000000000Z","78.96","78.46","80.4","78","79.18672407785828","2880603.87642","1454699.23526363761261099356571064983153091782859","22313"
"bitflyer-xrp-jpy-spot","2024-05-15T00:00:00.000000000Z","78.46","80.1","80.61","77.75","78.85423555769913","3782026.89578","1913726.27052279394562197717492896250906983636298","27056"
"bitflyer-xrp-jpy-spot","2024-05-16T00:00:00.000000000Z","80.1","80.31","81.09","79.43","80.18164731600308","3626622.406789","1878225.03812022069532922366932768415794619173353","24100"
"bitflyer-xrp-jpy-spot","2024-05-17T00:00:00.000000000Z","80.31","81.52","82.43","80.18","81.13789573528026","2014726.433829","1048753.6045797045159184722504579804215596265145","20312"
"bitflyer-xrp-jpy-spot","2024-05-18T00:00:00.000000000Z","81.52","81.24","81.86","80.9","81.44962170409664","1185000.523746","619799.38892336955214245474397713132609870169101","19941"
"bitflyer-xrp-jpy-spot","2024-05-19T00:00:00.000000000Z","81.24","79.48","81.61","78.83","80.36338078795531","2023629.596838","1044080.17568476817252570300561245524150015332626","21757"
"bitflyer-xrp-jpy-spot","2024-05-20T00:00:00.000000000Z","79.48","83.81","83.81","79.02","81.24462101618717","4646116.311088","2419520.8339263014040948685166800545883649578072","27579"
"bitflyer-xrp-jpy-spot","2024-05-21T00:00:00.000000000Z","83.81","83.93","86.73","81.82","84.31682583676632","4354800.835135","2352450.54732740241419741435583697385378601743671","27534"
"bitflyer-xrp-jpy-spot","2024-05-22T00:00:00.000000000Z","83.93","82.69","84.3","82.11","83.29800644997489","2442303.636615","1298109.65803246481237993123619841437180119002305","23167"
"bitflyer-xrp-jpy-spot","2024-05-23T00:00:00.000000000Z","82.69","83.15","86.05","79","82.63752505376749","4722300.819583","2482274.44670600639266347571939011233296858215556","28831"
"bitflyer-xrp-jpy-spot","2024-05-24T00:00:00.000000000Z","83.15","84.02","84.56","81.4","83.34379020810855","2568184.07271","1359401.86438283959708511888454409612935774502181","26531"
"bitflyer-xrp-jpy-spot","2024-05-25T00:00:00.000000000Z","84.03","85.06","85.21","83.5","84.37725166094727","1258411.324163","676318.76256807457617082640758103433956425458604","23168"
"bitflyer-xrp-jpy-spot","2024-05-26T00:00:00.000000000Z","85.06","82.95","85.09","82.65","84.02287938114365","2881885.612311","1541909.87926395710475308741171407158116251552523","23643"
"bitflyer-xrp-jpy-spot","2024-05-27T00:00:00.000000000Z","82.95","83.8","84.92","82.39","83.52784448611987","3123576.813582","1661430.03189160211531851204729169946695668557133","25647"
"bitflyer-xrp-jpy-spot","2024-05-28T00:00:00.000000000Z","83.81","83.19","84.1","81.88","82.95144943324179","3545262.694125","1869891.52762584378904333158967437865527070103706","25645"
"bitflyer-xrp-jpy-spot","2024-05-29T00:00:00.000000000Z","83.21","82.66","84.15","82.16","83.21423719139456","3061910.651053","1614840.38504818345031590127445972243808499339626","24297"
"bitflyer-xrp-jpy-spot","2024-05-30T00:00:00.000000000Z","82.66","81.54","83.28","80.9","81.90570299016049","3749685.628227","1952517.66315734566173927703224549620501509468188","25605"
"bitflyer-xrp-jpy-spot","2024-05-31T00:00:00.000000000Z","81.54","81.52","82.79","80.55","81.77152985853267","3920186.217121","2036939.25364873852970714441919450388414941221531","26057"
"bitflyer-xrp-jpy-spot","2024-06-01T00:00:00.000000000Z","81.52","81.61","82.21","81.49","81.85974067035684","1363734.16935","708498.27152917559438060669350776195588905431423","20798"
"bitflyer-xrp-jpy-spot","2024-06-02T00:00:00.000000000Z","81.61","80.83","81.92","80.12","81.26949259376616","2387799.463232","1231924.94311883795053108632511969493176843667364","22205"
"bitflyer-xrp-jpy-spot","2024-06-03T00:00:00.000000000Z","80.83","81.37","82.2","80.6","81.53600605313664","2466921.465762","1280369.91222795798474303161692944366592378725076","23443"
"bitflyer-xrp-jpy-spot","2024-06-04T00:00:00.000000000Z","81.37","81.61","82.17","80.71","81.51044665393093","3273714.881979","1713263.09847521942028950052238120953423182015423","24597"
"bitflyer-xrp-jpy-spot","2024-06-05T00:00:00.000000000Z","81.59","82.03","83.19","81.44","82.21269048096374","2526633.639951","1332244.04657906883160179710481308737584301427144","22345"
"bitflyer-xrp-jpy-spot","2024-06-06T00:00:00.000000000Z","82.03","81.39","82.7","80.6","81.83113954685401","2505327.529621","1312684.88234949818556694930639548730208706453695","22811"
"bitflyer-xrp-jpy-spot","2024-06-07T00:00:00.000000000Z","81.4","78.62","82.79","75","80.09670223492924","4279582.748571","2186037.03322069296207532706956928353706124273352","27057"
"bitflyer-xrp-jpy-spot","2024-06-08T00:00:00.000000000Z","78.62","77.58","78.94","77.07","78.19532023177726","2446687.916544","1214891.82462707616663746634320708238709108417571","22591"
"bitflyer-xrp-jpy-spot","2024-06-09T00:00:00.000000000Z","77.58","78.38","78.47","77.15","77.73190786549176","2017835.139937","998374.83094639440822268976270847763801870489893","20035"
"bitflyer-xrp-jpy-spot","2024-06-10T00:00:00.000000000Z","78.38","78.22","79.49","77.72","78.40433809189536","3244433.759537","1616200.80659818470725371158086869865285748335867","23100"
"bitflyer-xrp-jpy-spot","2024-06-11T00:00:00.000000000Z","78.25","75.74","78.32","74.29","76.34411765681719","5121722.761189","2479437.79447507982435881766537451932676928385246","29030"
"bitflyer-xrp-jpy-spot","2024-06-12T00:00:00.000000000Z","75.74","77.28","77.94","74.78","76.52926546772606","4407525.647463","2146527.17375909737033254624856936099682081495391","25459"
"bitflyer-xrp-jpy-spot","2024-06-13T00:00:00.000000000Z","77.28","75.12","77.32","74.78","76.41017428748425","3714978.334412","1802571.93606144140376382277913685699647079939005","24805"
"bitflyer-xrp-jpy-spot","2024-06-14T00:00:00.000000000Z","75.13","74.75","76.37","73.01","75.10667271084047","4877792.129791","2320521.36814837234058919115110472083761479562165","25282"
"bitflyer-xrp-jpy-spot","2024-06-15T00:00:00.000000000Z","74.75","77.28","79.55","74.65","76.16007270304558","2174754.570066","1050445.71389599841515664594308544336482570613797","19845"
"bitflyer-xrp-jpy-spot","2024-06-16T00:00:00.000000000Z","77.28","77.18","78.77","76.76","77.50274776238076","2348205.638814","1154475.56543057044761677121698487933267879821599","21604"
"bitflyer-xrp-jpy-spot","2024-06-17T00:00:00.000000000Z","77.19","79.68","82.29","76.15","79.44098635088112","6668332.99437","3351037.77359027400323033045376995430449045673809","32621"
"bitflyer-xrp-jpy-spot","2024-06-18T00:00:00.000000000Z","79.68","77.53","80.88","75.24","77.73602872655652","6393910.641968","3140565.08213740359137466985201367908752117684891","32036"
"bitflyer-xrp-jpy-spot","2024-06-19T00:00:00.000000000Z","77.53","78.06","79","77","78.03388479202293","2630029.705786","1296711.42977851242966980687985093775775421693032","25940"
"bitflyer-xrp-jpy-spot","2024-06-20T00:00:00.000000000Z","78.06","77.79","79.65","77.72","78.71611318963003","3501799.156844","1736233.27034763520042730491599377495484420971724","23886"
"bitflyer-xrp-jpy-spot","2024-06-21T00:00:00.000000000Z","77.79","78.18","79.14","76.62","77.85967280338459","3857623.836684","1883434.13372462894162565662056481809012855282216","25985"
"bitflyer-xrp-jpy-spot","2024-06-22T00:00:00.000000000Z","78.18","77.86","78.5","77.44","77.94544881857314","791898.001264","385742.6795836721972752192508002222458246350155","20026"
"bitflyer-xrp-jpy-spot","2024-06-23T00:00:00.000000000Z","77.86","76.88","78.21","76.22","77.51906548254572","1473612.08301","713655.56159201396389579345813226038028036420745","20500"
"bitflyer-xrp-jpy-spot","2024-06-24T00:00:00.000000000Z","76.88","75.88","76.94","73.63","75.73299715701549","5456438.983977","2582982.44587175839483727983907753677281461684244","27461"
"bitflyer-xrp-jpy-spot","2024-06-25T00:00:00.000000000Z","75.88","76.08","77.42","75.43","76.08622613360169","3789342.361067","1804182.58993231876936460518833447983554191761663","21536"
"bitflyer-xrp-jpy-spot","2024-06-26T00:00:00.000000000Z","76.08","75.51","76.67","74.65","75.88259339007192","2882932.900127","1362764.368897975895159558291094139211646232551","22142"
"bitflyer-xrp-jpy-spot","2024-06-27T00:00:00.000000000Z","75.51","76.39","76.69","74.84","75.58924912144828","2814724.358682","1322741.89363914899580961580432787278149670575465","21940"
"bitflyer-xrp-jpy-spot","2024-06-28T00:00:00.000000000Z","76.39","75.93","77.61","75.57","76.80183219684042","3993889.872276","1902121.22708677092790585625407451367011959564017","22830"
"bitflyer-xrp-jpy-spot","2024-06-29T00:00:00.000000000Z","75.93","76.15","76.88","75.88","76.48234336021965","1146013.189375","543246.01632023531098571639522243924412165664446","19285"
"bitflyer-xrp-jpy-spot","2024-06-30T00:00:00.000000000Z","76.15","76.63","76.87","75.77","76.26280325469746","2012218.67926","951740.29701118563970529935653299727412926777895","21335"
"bitflyer-xrp-jpy-spot","2024-07-01T00:00:00.000000000Z","76.63","77.09","78.23","76.52","77.29469031345163","3361128.270716","1609883.51612372631724807351733038573171822376011","26141"
"bitflyer-xrp-jpy-spot","2024-07-02T00:00:00.000000000Z","77.09","78.42","79","76.95","77.95056093323094","2834194.754834","1364684.91696848083532208791369897221217781328166","22947"
"bitflyer-xrp-jpy-spot","2024-07-03T00:00:00.000000000Z","78.42","75.63","78.77","74.74","77.232754217551","3528960.651261","1682253.3124513375050559945283891359514802600893","22463"
"bitflyer-xrp-jpy-spot","2024-07-04T00:00:00.000000000Z","75.63","69.89","76.67","69.73","72.98568358387146","6431871.345091","2833850.5030587877127127712667914937609153288129","31302"
"bitflyer-xrp-jpy-spot","2024-07-05T00:00:00.000000000Z","69.89","68.5","70.01","56.55","65.89740889377921","9003807.430064","3681304.56248840399221771637597467350961223402788","37451"
"bitflyer-xrp-jpy-spot","2024-07-06T00:00:00.000000000Z","68.5","72.37","72.5","68.3","69.82574384865965","2649664.463128","1148292.76796499550718887008589107161590444875828","26709"
"bitflyer-xrp-jpy-spot","2024-07-07T00:00:00.000000000Z","72.37","67.52","72.62","67.32","69.67367558724702","2727205.486546","1180574.10453696594240325689460584844756341467006","27670"
"bitflyer-xrp-jpy-spot","2024-07-08T00:00:00.000000000Z","67.54","69.48","71.42","64.93","68.03707496642225","5537377.737361","2341617.34070570073420837125970982311752095991245","34525"
"bitflyer-xrp-jpy-spot","2024-07-09T00:00:00.000000000Z","69.48","70.43","70.73","68.85","69.8960660648039","2535872.918877","1099182.69383315032681767435825632080384386640838","27319"
"bitflyer-xrp-jpy-spot","2024-07-10T00:00:00.000000000Z","70.43","71.05","72","69.52","70.75082317330203","3854962.729384","1686145.92150774951427783791231550918510155166009","28506"
"bitflyer-xrp-jpy-spot","2024-07-11T00:00:00.000000000Z","71.05","71.16","74.64","69","71.62231469862144","5337463.39288","2381213.10680091445433264645391067663892103638852","33451"
"bitflyer-xrp-jpy-spot","2024-07-12T00:00:00.000000000Z","71.14","75.09","76.45","70.91","73.59787354097935","5239276.475236","2423091.38559224969683698239270532226783388724627","33348"
"bitflyer-xrp-jpy-spot","2024-07-13T00:00:00.000000000Z","75.1","83.03","89.21","74.84","82.37221181813671","9852437.666333","5135270.01636695210622854163329227637200743861378","42067"
"bitflyer-xrp-jpy-spot","2024-07-14T00:00:00.000000000Z","83.03","82.33","85.45","81.09","83.2308803571505","4572669.751637","2408781.557099621746939092241797777825988854348","23420"
"bitflyer-xrp-jpy-spot","2024-07-15T00:00:00.000000000Z","82.39","84.92","85.34","82.39","83.7951914163341","3591553.482152","1906314.14511544748024067554480584584644272480817","22949"
"bitflyer-xrp-jpy-spot","2024-07-16T00:00:00.000000000Z","84.92","91.6","94.07","84.5","89.0473399073174","9315762.120666","5230413.25198130825273279329654999558084851138338","32884"
"bitflyer-xrp-jpy-spot","2024-07-17T00:00:00.000000000Z","91.61","97.37","99.56","91.51","96.09186748393418","9666264.72433","5913184.578794474691989123719020445159000916825","37496"
"bitflyer-xrp-jpy-spot","2024-07-18T00:00:00.000000000Z","97.35","89.61","99.06","87.72","92.00831818271049","5470268.458864","3212425.16066077214324052204073120955383452980831","28013"
"bitflyer-xrp-jpy-spot","2024-07-19T00:00:00.000000000Z","89.62","90.2","92.23","84.5","88.01814430433864","5375685.413218","3003205.22215337778583805634087797806234888050843","25991"
"bitflyer-xrp-jpy-spot","2024-07-20T00:00:00.000000000Z","90.24","93.41","95.25","89.85","92.88535780887706","3917299.144024","2313564.67883081722040219883982623363583429811899","22389"
"bitflyer-xrp-jpy-spot","2024-07-21T00:00:00.000000000Z","93.43","94.06","95.74","90","93.2640112948231","4061977.491958","2405403.87360498272776726384605924960723744334863","23600"
"bitflyer-xrp-jpy-spot","2024-07-22T00:00:00.000000000Z","94.06","95.48","97.89","91.71","94.91191677766628","5243067.09407","3166543.68663569741951993086252385294467538464008","21946"
"bitflyer-xrp-jpy-spot","2024-07-23T00:00:00.000000000Z","95.49","93.16","96.72","90.5","93.78055904219605","4910057.80095","2943271.27873406477764005145577712737680851813415","25730"
"bitflyer-xrp-jpy-spot","2024-07-24T00:00:00.000000000Z","93.16","95.25","97.84","92.33","94.97215004100338","5003225.329863","3073101.31733262179713622980925522735622775065306","24480"
"bitflyer-xrp-jpy-spot","2024-07-25T00:00:00.000000000Z","95.25","92.26","96.32","90.04","92.98256069838895","6915540.615311","4190674.45277960776079748295914137282703941920335","29991"
"bitflyer-xrp-jpy-spot","2024-07-26T00:00:00.000000000Z","92.27","92.8","93.99","90.04","92.70060758270987","4229395.515301","2543225.54381047516285437117765068247260005271398","24277"
"bitflyer-xrp-jpy-spot","2024-07-27T00:00:00.000000000Z","92.8","91.62","93.82","90","92.037664216583","3195893.399476","1910658.96415034751785399242748217454219633102409","21822"
"bitflyer-xrp-jpy-spot","2024-07-28T00:00:00.000000000Z","91.62","92.76","94.54","90.94","92.75589855135703","2701527.276964","1628115.12834356991824097002584518305551852126533","20073"
"bitflyer-xrp-jpy-spot","2024-07-29T00:00:00.000000000Z","92.76","92.75","94.34","91.26","93.16798974552974","3855011.887583","2333960.28719313789721433027792232776983072573437","21003"
"bitflyer-xrp-jpy-spot","2024-07-30T00:00:00.000000000Z","92.75","95.9","98.68","91.93","95.31863172336852","6498029.10846","4005831.78199147687440899814659538820858414068669","28923"
"bitflyer-xrp-jpy-spot","2024-07-31T00:00:00.000000000Z","95.87","93.38","100.6","93.31","97.81855223014772","7033833.595605","4533333.23854692221497202597178016369362537547013","30187"
"bitflyer-xrp-jpy-spot","2024-08-01T00:00:00.000000000Z","93.39","89.1","94.6","85.09","90.32047413078046","6400474.374294","3851183.6601890881427771218525174241141185976006","31930"
"bitflyer-xrp-jpy-spot","2024-08-02T00:00:00.000000000Z","89.02","82.2","89.19","80.03","84.43398975668023","6267673.480881","3563188.64805275780567836718768334356464693964863","30529"
"bitflyer-xrp-jpy-spot","2024-08-03T00:00:00.000000000Z","82.2","81.67","84.45","79.36","82.22182197363432","4098200.3044","2293445.49565663846409365970180179992941883304829","23547"
"bitflyer-xrp-jpy-spot","2024-08-04T00:00:00.000000000Z","81.68","76.13","82.24","75.34","78.91309979272405","4887911.722754","2624921.89848692090058559744619816230007753583555","24117"
"bitflyer-xrp-jpy-spot","2024-08-05T00:00:00.000000000Z","76.13","71.49","76.62","61.43","67.88004607476801","20370635.961134","9609079.80480946825574653537102848524359574031831","43204"
"bitflyer-xrp-jpy-spot","2024-08-06T00:00:00.000000000Z","71.5","73.32","75.84","71.26","74.00641597779077","7435197.172624","3781217.31307211023312592628194244869845448085024","24034"
"bitflyer-xrp-jpy-spot","2024-08-07T00:00:00.000000000Z","73.34","87.6","94.18","72.3","82.68322543729384","9586911.601936","5397476.60552677606961749387708714706978358945444","32816"
"bitflyer-xrp-jpy-spot","2024-08-08T00:00:00.000000000Z","87.61","91.35","94.5","84.28","89.66762617470256","6858681.384013","4187212.83330397025466228133363283108899470692716","23449"
"bitflyer-xrp-jpy-spot","2024-08-09T00:00:00.000000000Z","91.35","85.37","92.1","83.29","87.27061979197573","4372687.978865","2591299.11424818709018411856180361853627369407487","19718"
"bitflyer-xrp-jpy-spot","2024-08-10T00:00:00.000000000Z","85.33","85.67","88.69","85","86.92859613561737","2475632.765076","1465072.58896759287312868874760334562474470117347","15903"
"bitflyer-xrp-jpy-spot","2024-08-11T00:00:00.000000000Z","85.7","81.28","87.23","80.26","83.87541421392748","4478434.906913","2557831.70779634461980502680912539576659060309209","19197"
"bitflyer-xrp-jpy-spot","2024-08-12T00:00:00.000000000Z","81.29","83.69","85.73","80.96","83.74743049776464","4076727.634593","2314965.82653611266231009055154411640133507802312","17917"
"bitflyer-xrp-jpy-spot","2024-08-13T00:00:00.000000000Z","83.7","84.83","86.12","83.11","84.40588016059787","3310216.40869","1894089.42966798406918900262513627381636655642265","17613"
"bitflyer-xrp-jpy-spot","2024-08-14T00:00:00.000000000Z","84.83","83.95","85.96","83","84.73557643611221","2343676.621048","1348852.07507617690350388721199646577862563116996","15995"
"bitflyer-xrp-jpy-spot","2024-08-15T00:00:00.000000000Z","83.96","83.81","85.58","82.22","83.93632770292624","3443263.165467","1946497.87104077689691870704682889202983416734164","17196"
"bitflyer-xrp-jpy-spot","2024-08-16T00:00:00.000000000Z","83.81","83.32","85.52","82","83.78723801825595","2875745.606261","1621140.68239828702096026349208791227916449734446","16099"
"bitflyer-xrp-jpy-spot","2024-08-17T00:00:00.000000000Z","83.32","83.71","84.47","82.91","83.54776180462501","1280608.172086","724001.4712663464136953081601170893446081492706","11073"
"bitflyer-xrp-jpy-spot","2024-08-18T00:00:00.000000000Z","83.68","83.45","86.39","83.41","84.24957121785843","1914097.519011","1090987.38499938072243329230932207826277620738673","10055"
"bitflyer-xrp-jpy-spot","2024-08-19T00:00:00.000000000Z","83.46","87.93","89.4","82.42","85.58556692310255","5296737.085378","3086469.2467197092632712296142449523304395833788","17517"
"bitflyer-xrp-jpy-spot","2024-08-20T00:00:00.000000000Z","87.94","86.53","90.46","85.78","88.4831967084684","2623640.42595","1583796.47982986068023984616950227081345480764526","16417"
"bitflyer-xrp-jpy-spot","2024-08-21T00:00:00.000000000Z","86.53","87.11","88","85","87.00672958463482","2478516.565769","1478076.84418398914994610102854336063050422305908","14772"
"bitflyer-xrp-jpy-spot","2024-08-22T00:00:00.000000000Z","87.11","87.56","88.5","86.42","87.6055908741343","1821729.710108","1092616.6572493643333611681223778077871064596054","9826"
"bitflyer-xrp-jpy-spot","2024-08-23T00:00:00.000000000Z","87.56","88.33","89","86","87.63584188346678","3763455.650455","2261317.94829713393045710356298251439070471539647","16923"
"bitflyer-xrp-jpy-spot","2024-08-24T00:00:00.000000000Z","88.33","88.65","91.27","87.5","89.08635628675703","2605487.528729","1605718.49411459095637539600119558338711802205073","15303"
"bitflyer-xrp-jpy-spot","2024-08-25T00:00:00.000000000Z","88.65","86.59","88.97","86.2","87.37893586814731","2151085.608296","1300928.68437592040769679079636392852894692043417","16651"
"bitflyer-xrp-jpy-spot","2024-08-26T00:00:00.000000000Z","86.59","85.09","86.77","83.8","85.59986841613754","2315192.653691","1372053.11619966751337915788171278927222776780523","19275"
"bitflyer-xrp-jpy-spot","2024-08-27T00:00:00.000000000Z","85.09","82","86.8","79.64","84.29760340089228","4258580.839809","2478989.14480416666456097874362146311650198129068","20979"
"bitflyer-xrp-jpy-spot","2024-08-28T00:00:00.000000000Z","81.91","82.55","84.87","80.64","82.53281494881971","2397801.823433","1365389.43750928170729627505917002989738773012361","19146"
"bitflyer-xrp-jpy-spot","2024-08-29T00:00:00.000000000Z","82.54","81.7","83.97","81.1","82.79365741033612","1694182.015","965877.34171234275126107408401965011664590222908","14419"
"bitflyer-xrp-jpy-spot","2024-08-30T00:00:00.000000000Z","81.71","82.89","83.11","80","81.69550727951891","2095970.493107","1173224.62642956841249780020196473823631158091452","16288"
"bitflyer-xrp-jpy-spot","2024-08-31T00:00:00.000000000Z","82.91","82.85","83.8","82.35","83.06680850558421","798200.798718","452751.39865407765297909807005643747263314801928","11606"
"bitflyer-xrp-jpy-spot","2024-09-01T00:00:00.000000000Z","82.99","80.26","83.01","79.73","81.30327852867547","2013723.795085","1117715.5020468244945006087326241914814684020919","8099"
"bitflyer-xrp-jpy-spot","2024-09-02T00:00:00.000000000Z","80.26","83.39","83.7","79.77","81.40064554918048","2064337.549902","1144134.35979932676038954772209709354046980505967","18894"
"bitflyer-xrp-jpy-spot","2024-09-03T00:00:00.000000000Z","83.41","81.18","84.1","81.01","82.77120835658445","2353619.476247","1331379.14717808342432132873432868730267564897942","19027"
"bitflyer-xrp-jpy-spot","2024-09-04T00:00:00.000000000Z","81.18","80.17","81.69","77.7","80.28041658624674","3034095.676785","1676030.66984249931334585793664123970296829560947","25344"
"bitflyer-xrp-jpy-spot","2024-09-05T00:00:00.000000000Z","80.17","78.16","80.69","77.52","78.93027519392766","2674224.450339","1467058.43106770974820749215016300634549823357795","25559"
"bitflyer-xrp-jpy-spot","2024-09-06T00:00:00.000000000Z","78.16","74.34","78.6","71.74","75.7837556715699","6489248.084182","3437580.72054902021442571906544182281755370961654","29658"
"bitflyer-xrp-jpy-spot","2024-09-07T00:00:00.000000000Z","74.35","74.88","76.12","74.2","75.15854857942506","1378267.469557","725553.19901371615530435316176981163936346897745","19545"
"bitflyer-xrp-jpy-spot","2024-09-08T00:00:00.000000000Z","74.83","75.53","75.92","74.3","75.28985261567673","1601418.986107","845328.89243354608976520592006882774494095437035","19246"
"bitflyer-xrp-jpy-spot","2024-09-09T00:00:00.000000000Z","75.53","77.38","77.91","75.33","76.26422473904951","2091164.821213","1112550.51928456092424078889353830357590959249733","18185"
"bitflyer-xrp-jpy-spot","2024-09-10T00:00:00.000000000Z","77.38","77.11","78.02","76.37","77.12351819707925","1838683.714994","988867.78080610219486056339834378607087178971591","19026"
"bitflyer-xrp-jpy-spot","2024-09-11T00:00:00.000000000Z","77.06","76.47","77.12","74.18","75.68804847218058","2051549.159277","1092961.30897342498702474519269522766739643170043","21210"
"bitflyer-xrp-jpy-spot","2024-09-12T00:00:00.000000000Z","76.47","79.73","84","76.32","79.42413552039616","3422169.532868","1905338.80999204424633366736876205973965211156579","21447"
"bitflyer-xrp-jpy-spot","2024-09-13T00:00:00.000000000Z","79.73","80.81","81.25","78.5","80.07693016747418","2319780.835299","1315026.02800665654433910974612873137432326351168","21836"
"bitflyer-xrp-jpy-spot","2024-09-14T00:00:00.000000000Z","80.81","84.01","84.5","80.51","82.73032236753677","2492364.62898","1460952.34512325647466740324955402249954445437707","21352"
"bitflyer-xrp-jpy-spot","2024-09-15T00:00:00.000000000Z","84.01","80.55","84.12","80.31","82.34576972304469","2229409.47861","1301306.07926097494925285982346244489991088243358","23061"
"bitflyer-xrp-jpy-spot","2024-09-16T00:00:00.000000000Z","80.56","82.69","83.49","78.83","80.7166175918221","2600834.03917","1491520.02730577224161048207869444347149827284194","24485"
"bitflyer-xrp-jpy-spot","2024-09-17T00:00:00.000000000Z","82.75","82.92","84.18","81.6","82.8838432212859","2300067.336068","1348748.72447306496037045801516571908811860131589","22934"
"bitflyer-xrp-jpy-spot","2024-09-18T00:00:00.000000000Z","82.92","83.56","83.77","80","81.66472836694268","3678267.557341","2116442.1816257283963852673648440783542072595018","24960"
"bitflyer-xrp-jpy-spot","2024-09-19T00:00:00.000000000Z","83.67","83.91","85.08","83","83.99985358576423","3318454.04521","1947447.65525852958861306266496605005492473241742","21901"
"bitflyer-xrp-jpy-spot","2024-09-20T00:00:00.000000000Z","83.91","84.37","85.42","82.21","84.14544900253129","3027236.046437","1774392.09659278761243008088289197155036397190174","22686"
"bitflyer-xrp-jpy-spot","2024-09-21T00:00:00.000000000Z","84.37","86.13","88.23","83.6","85.4702393819976","2423645.331741","1438202.01882236488048287261323925874863404476969","18801"
"bitflyer-xrp-jpy-spot","2024-09-22T00:00:00.000000000Z","86.14","84.65","87.25","83.11","85.3223914159866","2048051.612451","1213887.175005877506539111016666681270885518145","22391"
"bitflyer-xrp-jpy-spot","2024-09-23T00:00:00.000000000Z","84.65","84.09","85.97","83.46","84.57000728936639","2374213.706003","1394901.25307943386981286596175878654872682553557","20637"
"bitflyer-xrp-jpy-spot","2024-09-24T00:00:00.000000000Z","84.09","84.69","85.39","83.6","84.56541990956532","2304727.906857","1352361.39703769407343581981874639918425534049977","20738"
"bitflyer-xrp-jpy-spot","2024-09-25T00:00:00.000000000Z","84.69","84.57","85.59","84.19","84.99541523060602","1891842.937448","1114856.3646801561286206029382330352867060979959","17872"
"bitflyer-xrp-jpy-spot","2024-09-26T00:00:00.000000000Z","84.57","85.75","86.39","83.11","85.0669816589345","2517931.686899","1477713.42028103707019254039641189296074840494191","15533"
"bitflyer-xrp-jpy-spot","2024-09-27T00:00:00.000000000Z","85.75","83.91","86.9","83.29","85.01086950379592","2086227.057389","1227680.18390876215169159701194829111692245570232","23620"
"bitflyer-xrp-jpy-spot","2024-09-28T00:00:00.000000000Z","83.92","87.28","89.19","83.5","86.95960638529797","2774848.947378","1694415.9816337458374650433867022254283445101474","25187"
"bitflyer-xrp-jpy-spot","2024-09-29T00:00:00.000000000Z","87.28","91.55","94.58","86.5","90.71047629059494","3201037.778422","2039417.65010087814074539278430830784830196618105","27060"
"bitflyer-xrp-jpy-spot","2024-09-30T00:00:00.000000000Z","91.55","88.02","93.53","87.65","91.03191667307587","3434760.35585","2186491.39885994310033890083401592194811259483762","25372"
"bitflyer-xrp-jpy-spot","2024-10-01T00:00:00.000000000Z","88.02","86.1","91.35","83.24","87.63507037205204","5720325.292871","3482205.02546154582917715642491884393687388980522","30877"
"bitflyer-xrp-jpy-spot","2024-10-02T00:00:00.000000000Z","85.96","79.15","87.5","77.25","83.23131750957441","5471653.78095","3122594.28213943055388776142918234767489618649302","28653"
"bitflyer-xrp-jpy-spot","2024-10-03T00:00:00.000000000Z","79.15","76.74","80.09","74.6","77.05779641585336","6084179.042427","3187687.13930262836876657930955624193390673794613","28849"
"bitflyer-xrp-jpy-spot","2024-10-04T00:00:00.000000000Z","76.74","79.42","80.25","75.7","77.56635175639505","2729561.553949","1432962.93954746707584457431159287594249561084343","23068"
"bitflyer-xrp-jpy-spot","2024-10-05T00:00:00.000000000Z","79.44","78.9","79.83","78.37","79.12001037200206","1404372.123141","746177.61408359052754639636550328359297747137089","16306"
"bitflyer-xrp-jpy-spot","2024-10-06T00:00:00.000000000Z","78.9","79.51","79.99","78.7","79.24531067749864","1107272.794856","589253.18562204679573065456181631822047684788401","14700"
"bitflyer-xrp-jpy-spot","2024-10-07T00:00:00.000000000Z","79.44","78.46","80.86","78.3","79.94105141410327","2894828.341915","1558908.21534214710368067983588425688865608450515","13444"
"bitflyer-xrp-jpy-spot","2024-10-08T00:00:00.000000000Z","78.48","78.73","79.49","77.34","78.44804909566759","1507244.4718","797475.67879779582670835891890543827565656284847","18797"
"bitflyer-xrp-jpy-spot","2024-10-09T00:00:00.000000000Z","78.73","78.33","79.77","77.92","78.97248895100728","1848617.34556","979183.45276662733495528920913816732698627170886","17505"
"bitflyer-xrp-jpy-spot","2024-10-10T00:00:00.000000000Z","78.33","78.95","81.26","78.03","79.22415344289178","3319596.482168","1762968.58642767207784569689973955074618138755918","22685"
"bitflyer-xrp-jpy-spot","2024-10-11T00:00:00.000000000Z","78.95","80.26","80.94","78.9","80.07499802687565","1561898.333348","838336.73563377491913301484635255641273101842259","15331"
"bitflyer-xrp-jpy-spot","2024-10-12T00:00:00.000000000Z","80.34","80.42","81","79.95","80.53592416346971","820146.481886","442620.84469337551301557112402293740193252665753","5546"
"bitflyer-xrp-jpy-spot","2024-10-13T00:00:00.000000000Z","80.49","79.44","80.49","78.41","79.46360215939731","1472533.048516","784321.18657696341903904495289787380831019960248","13169"
"bitflyer-xrp-jpy-spot","2024-10-14T00:00:00.000000000Z","79.42","81.99","82.66","78.9","80.8967654712532","2277079.931793","1232786.87489501495408758442560732230561290339591","9748"
"bitflyer-xrp-jpy-spot","2024-10-15T00:00:00.000000000Z","82.03","80.9","83","79.4","81.21182878497762","3735295.593586","2029306.81911862425413965715154378970903714168501","19893"
"bitflyer-xrp-jpy-spot","2024-10-16T00:00:00.000000000Z","80.9","82.11","83","80.1","81.44912556195942","2480760.372044","1351040.02229394235555884275220618620868984147006","17789"
"bitflyer-xrp-jpy-spot","2024-10-17T00:00:00.000000000Z","82.11","81.71","84.87","81.5","82.9912628810154","2924144.156887","1618507.28886129535599608543452891391008741841131","19711"
"bitflyer-xrp-jpy-spot","2024-10-18T00:00:00.000000000Z","81.71","81.91","83.1","81.05","82.05515206355588","1881276.527054","1028466.43765967968385159272497076964603605988263","17517"
"bitflyer-xrp-jpy-spot","2024-10-19T00:00:00.000000000Z","81.91","81.5","82.44","81.04","81.74437457944001","1025128.232393","559422.09172465640893811310352690738281317111722","14978"
"bitflyer-xrp-jpy-spot","2024-10-20T00:00:00.000000000Z","81.5","82.02","82.16","80.4","81.15054045925638","1323549.870536","717779.8930699256628651659669778879257884408477","15285"
"bitflyer-xrp-jpy-spot","2024-10-21T00:00:00.000000000Z","82.06","82.23","84.14","81.45","82.59074201901134","2612641.485413","1437310.10717251682908148427986551036753922165144","20241"
"bitflyer-xrp-jpy-spot","2024-10-22T00:00:00.000000000Z","82.26","80.71","83.19","79.98","81.29060846123291","2370048.986586","1274157.98850820411911593411101215711965057497245","21705"
"bitflyer-xrp-jpy-spot","2024-10-23T00:00:00.000000000Z","80.72","80.38","81.1","78.26","80.11438065622834","2502003.824482","1311615.68972957775361629997211953575261891723178","19584"
"bitflyer-xrp-jpy-spot","2024-10-24T00:00:00.000000000Z","80.39","80.88","81.33","79.77","80.62278144982467","1528211.454249","808429.23157103244186164088715717769400769622517","18075"
"bitflyer-xrp-jpy-spot","2024-10-25T00:00:00.000000000Z","80.92","76.66","80.95","74.52","78.58024412513428","2893053.155946","1491486.340140141779652123962575944337216284228","20011"
"bitflyer-xrp-jpy-spot","2024-10-26T00:00:00.000000000Z","76.66","78.18","78.61","76.12","77.9423173163061","1076321.517472","549792.67621229267868481776339527145190506183964","19069"
"bitflyer-xrp-jpy-spot","2024-10-27T00:00:00.000000000Z","78.18","78.97","79.16","77.85","78.51043560823507","1865672.042334","960070.27011129912223800757427595172140094803776","16500"
"bitflyer-xrp-jpy-spot","2024-10-28T00:00:00.000000000Z","78.97","79.59","80","78.38","79.21775246315018","2075800.276351","1073125.57706496037695760919329690996639006719378","18145"
"bitflyer-xrp-jpy-spot","2024-10-29T00:00:00.000000000Z","79.55","80.93","81.34","79.33","80.51367544516668","3047462.336066","1600054.08714115445471845425306273226626585709699","20048"
"bitflyer-xrp-jpy-spot","2024-10-30T00:00:00.000000000Z","80.94","80.22","81","79.6","80.29884841826019","1892078.355431","990736.4626575225578653631350716593311764613494","20544"
"bitflyer-xrp-jpy-spot","2024-10-31T00:00:00.000000000Z","80.17","77.48","80.36","76.58","78.64456109649435","2984847.420265","1536100.07489383362948936082420907097015317875047","22851"
"bitflyer-xrp-jpy-spot","2024-11-01T00:00:00.000000000Z","77.48","78.62","80.2","76.61","78.74332646035016","2797847.435235","1440538.18489595265161468153883999162764674071066","24730"
"bitflyer-xrp-jpy-spot","2024-11-02T00:00:00.000000000Z","78.62","78.29","79.1","77.69","78.42211190793932","1052948.710629","538482.76933681337977427423139506145638297569624","21545"
"bitflyer-xrp-jpy-spot","2024-11-03T00:00:00.000000000Z","78.22","76.7","78.35","75.34","76.66349666944955","3014116.949399","1508133.88599990044459629599825667582024789188635","24328"
"bitflyer-xrp-jpy-spot","2024-11-04T00:00:00.000000000Z","76.7","76.77","78.21","75.61","77.11586145986382","1752799.215611","887269.83567720772700757662321330253309840104323","22678"
"bitflyer-xrp-jpy-spot","2024-11-05T00:00:00.000000000Z","76.77","78.02","79.13","76.6","77.73301677505956","1871959.690548","954670.96092993981140463484742207368414753947828","20693"
"bitflyer-xrp-jpy-spot","2024-11-06T00:00:00.000000000Z","78.08","83.65","84.45","78","82.09069964204517","5175237.809641","2760751.37958254714781368695420376962750343097582","27246"
"bitflyer-xrp-jpy-spot","2024-11-07T00:00:00.000000000Z","83.65","85.16","89.49","83.02","85.59697253394518","2875385.537507","1597147.22292194191321430376827034958287932087901","24428"
"bitflyer-xrp-jpy-spot","2024-11-08T00:00:00.000000000Z","85.2","84.64","85.86","82.9","84.37682668239821","2150789.129999","1186344.62323715148742363621599106820365145813621","21848"
"bitflyer-xrp-jpy-spot","2024-11-09T00:00:00.000000000Z","84.64","85.48","85.8","83.2","84.42587380444058","2237021.906838","1235620.01252965514238152000727145757661228361052","20267"
"bitflyer-xrp-jpy-spot","2024-11-10T00:00:00.000000000Z","85.48","90.04","94.5","84.98","90.12121220069995","9270199.702174","5472895.85153065856096474815202235762220303114818","34713"
"bitflyer-xrp-jpy-spot","2024-11-11T00:00:00.000000000Z","90.04","95.57","97.5","87.84","92.27474539953899","6804509.61897","4080933.04971425104531879849953463788364043866428","28659"
"bitflyer-xrp-jpy-spot","2024-11-12T00:00:00.000000000Z","95.6","108.9","114.16","92","102.9670153770785","19145077.184586","12763157.10487079354426585096338270383876719212528","43615"
"bitflyer-xrp-jpy-spot","2024-11-13T00:00:00.000000000Z","109.11","107.4","116.2","99.8","107.2880020060455","10723178.570951","7420911.73502361930571366780576568039943756536317","36299"
"bitflyer-xrp-jpy-spot","2024-11-14T00:00:00.000000000Z","107.4","121.19","132.6","106.42","119.0585969195162","16134306.424171","12285814.70083929299533031566537872049205164074194","38942"
"bitflyer-xrp-jpy-spot","2024-11-15T00:00:00.000000000Z","121.26","137.5","142.93","120.88","131.9929484121894","18719243.073063","15856955.98561325737472107266172906551535040885882","44648"
"bitflyer-xrp-jpy-spot","2024-11-16T00:00:00.000000000Z","137.47","172.85","196","135.44","164.6967637264376","25760575.169129","27502123.35306461885403822464126333341685679665983","62271"
"bitflyer-xrp-jpy-spot","2024-11-17T00:00:00.000000000Z","172.84","163.3","178.86","154.86","164.9024268137012","13688747.254549","14628511.77056414519886563896431828166758640920689","48799"
"bitflyer-xrp-jpy-spot","2024-11-18T00:00:00.000000000Z","163.05","172.48","183.37","163.05","175.7142891946913","13812194.450558","15676114.6793904101714809068303408013029383868252","40706"
"bitflyer-xrp-jpy-spot","2024-11-19T00:00:00.000000000Z","172.27","170.61","177.5","164.46","170.4210692194709","6436745.069557","7105463.78253758711448685805204793745282864117124","26621"
"bitflyer-xrp-jpy-spot","2024-11-20T00:00:00.000000000Z","170.62","171.75","179.2","164.1","171.8578753046466","8443966.802735","9330587.64397402544043851220055263756301833861365","29518"
"bitflyer-xrp-jpy-spot","2024-11-21T00:00:00.000000000Z","171.74","192.34","194.85","167.42","177.0883799036896","9522694.600606","10899456.79096023692109817675685185723121122925635","34359"
"bitflyer-xrp-jpy-spot","2024-11-22T00:00:00.000000000Z","192.7","228","232.78","192.26","216.5438562205343","17656971.116197","24730529.44929673384772873580783768875986852014618","46723"
"bitflyer-xrp-jpy-spot","2024-11-23T00:00:00.000000000Z","227.93","227.57","253","220.7","238.9180921577315","14690836.259109","22681400.8674026669900109721129549198119375037953","40043"
"bitflyer-xrp-jpy-spot","2024-11-24T00:00:00.000000000Z","227.59","221.44","234.52","198.61","216.4268464514527","11020474.804312","15410037.14030189672309954287850177140518492484807","33636"
"bitflyer-xrp-jpy-spot","2024-11-25T00:00:00.000000000Z","221.44","218.74","238.4","208.88","223.8008424784724","10177580.4667","14756823.24782959764999368377474296684917476636729","30918"
"bitflyer-xrp-jpy-spot","2024-11-26T00:00:00.000000000Z","218.69","214.47","225","198","211.2429850361059","7879364.044389","10808055.02371497947088696076818313958649034743943","26046"
"bitflyer-xrp-jpy-spot","2024-11-27T00:00:00.000000000Z","214.25","223.26","230.66","206.47","218.4132101172341","6988013.185089","10038935.9130091641345446090491858512495895961147","25292"
"bitflyer-xrp-jpy-spot","2024-11-28T00:00:00.000000000Z","223.27","233.85","234.3","217.36","225.4172126947103","6378048.952681","9464534.5009187988636477802909448082736799808762","23548"
"bitflyer-xrp-jpy-spot","2024-11-29T00:00:00.000000000Z","233.85","270.23","272.13","229.13","247.7474358794196","12896437.87316","21235747.59630702945261589779429217090532220545928","33190"
"bitflyer-xrp-jpy-spot","2024-11-30T00:00:00.000000000Z","270.23","292.55","293.4","265","280.9708482592784","11880359.831394","22253294.84390131333725640802117112578975224582793","41743"
"bitflyer-xrp-jpy-spot","2024-12-01T00:00:00.000000000Z","292.31","342.97","351","277.66","304.0534739185842","11391254.881978","23121849.04874688324089293875093228561434833956219","42819"
"bitflyer-xrp-jpy-spot","2024-12-02T00:00:00.000000000Z","343.98","407.89","429.25","333.3","380.1656596729669","23990386.216425","60766811.44728292078550118928146862183880151380213","58908"
"bitflyer-xrp-jpy-spot","2024-12-03T00:00:00.000000000Z","407.89","375.73","435.9","344.8","391.1975865331319","18957095.189688","49549664.26813530955725859949219341157032333867502","60629"
"bitflyer-xrp-jpy-spot","2024-12-04T00:00:00.000000000Z","375.91","356.05","403.7","344.9","374.4322771088938","15035721.672028","37408411.44703721997308330590193007380907689418324","51097"
"bitflyer-xrp-jpy-spot","2024-12-05T00:00:00.000000000Z","356.04","338.42","374.95","325.85","350.5726802359528","11758688.902033","27431311.59231973045620053432406692490436900065816","44426"
"bitflyer-xrp-jpy-spot","2024-12-06T00:00:00.000000000Z","338.42","364.11","369.85","336","351.8565147459465","6932620.711307","16248027.98597848284205911845924156345831080574265","34906"
"bitflyer-xrp-jpy-spot","2024-12-07T00:00:00.000000000Z","364.22","391.71","393.18","358.9","372.8040684054461","6579438.701419","16344716.99088902893549726061548517808217053425504","29015"
"bitflyer-xrp-jpy-spot","2024-12-08T00:00:00.000000000Z","391.71","389.86","396.96","373.33","385.5146715099732","5387390.235793","13840781.70946415587704182210001980472696298135426","30087"
"bitflyer-xrp-jpy-spot","2024-12-09T00:00:00.000000000Z","389.95","336.12","390.56","310","355.0059775279925","9914871.890781","23342487.0235503426614162863125562002601291095069","45647"
"bitflyer-xrp-jpy-spot","2024-12-10T00:00:00.000000000Z","335.91","361.11","367.02","289.02","329.2039698447784","15003171.892516","32536240.04087434945706715827253424834446683539231","52203"
"bitflyer-xrp-jpy-spot","2024-12-11T00:00:00.000000000Z","361.16","364.17","376.78","338.88","360.1216120788514","6606436.761945","15634260.90366637636637061325340577197048840730258","35405"
"bitflyer-xrp-jpy-spot","2024-12-12T00:00:00.000000000Z","364.18","357.05","378.1","352.65","366.6326459961425","5133238.379319","12350962.52153093771753694067766599817877329261865","30846"
"bitflyer-xrp-jpy-spot","2024-12-13T00:00:00.000000000Z","356.96","372.05","380","348.7","365.6254469077283","4975057.675866","11854538.66806998920590689864585992486559087800545","28795"
"bitflyer-xrp-jpy-spot","2024-12-14T00:00:00.000000000Z","372.12","368.73","388.86","362.21","375.6056377258426","3590526.635724","8773967.82967493051189576966946478971930878004442","19175"
"bitflyer-xrp-jpy-spot","2024-12-15T00:00:00.000000000Z","368.97","375.41","378.83","364.14","371.4967638458729","2587732.790765","6256237.32282934815224083197871466620651841928992","20298"
"bitflyer-xrp-jpy-spot","2024-12-16T00:00:00.000000000Z","375.41","382.8","398","358.11","378.9424113849613","6217653.810231","15290652.59797073896564842211119004178378379715309","30318"
"bitflyer-xrp-jpy-spot","2024-12-17T00:00:00.000000000Z","382.8","394.7","419.39","376.27","400.4362444154165","10161653.038897","26430159.29319577022255585726799726596547440129682","38576"
"bitflyer-xrp-jpy-spot","2024-12-18T00:00:00.000000000Z","394.71","357.51","399.05","346.09","376.804683115981","8142618.188711","19871956.50563898462537159948238105749527926902051","32844"
"bitflyer-xrp-jpy-spot","2024-12-19T00:00:00.000000000Z","357.75","353.53","381.68","336.68","362.1577831576279","9402139.261667","21709763.62962551169484796719364669687462895734756","37171"
"bitflyer-xrp-jpy-spot","2024-12-20T00:00:00.000000000Z","353.57","357.58","370.87","307.99","341.6760999700652","9661031.763963","20988914.43208009531545445312246432639093886355389","40780"
"bitflyer-xrp-jpy-spot","2024-12-21T00:00:00.000000000Z","357.58","349.42","374.73","343.78","357.3612948980274","4539363.503543","10343543.29920526174318547094816681858073173033944","23500"
"bitflyer-xrp-jpy-spot","2024-12-22T00:00:00.000000000Z","349.73","345.18","359","338.8","348.9866295989719","3249282.717481","7234287.79544634750712909340799368710498696110279","19780"
"bitflyer-xrp-jpy-spot","2024-12-23T00:00:00.000000000Z","345.44","355.54","358.25","333.53","344.5520198989077","4255684.169502","9327874.75680247392640329710918766129384577006377","23268"
"bitflyer-xrp-jpy-spot","2024-12-24T00:00:00.000000000Z","355.59","364.84","370","348.19","359.5611215820638","3458639.923338","7896091.41563705552900287634703950248314776135397","22184"
"bitflyer-xrp-jpy-spot","2024-12-25T00:00:00.000000000Z","364.85","360.81","367.27","356","361.3844936584734","2496724.946836","5728622.93829200297382493982975593228453490074427","25170"
"bitflyer-xrp-jpy-spot","2024-12-26T00:00:00.000000000Z","360.81","340.53","363.91","336.43","346.6462488529546","3083560.817822","6769636.16585080666529145874692120559446854831343","26146"
"bitflyer-xrp-jpy-spot","2024-12-27T00:00:00.000000000Z","340.53","339.23","353.4","333.49","342.5047363507272","3594461.292957","7787933.76076437249918209943335733100197077226953","21651"
"bitflyer-xrp-jpy-spot","2024-12-28T00:00:00.000000000Z","339.26","344.72","348.38","337.5","342.7364143657583","1147889.546762","2486621.20637682060997189397191772408528614739161","19322"
"bitflyer-xrp-jpy-spot","2024-12-29T00:00:00.000000000Z","344.73","330.53","346.65","326.36","337.8208003374342","2575176.30802","5505295.4842840917604966387781563442846022153021","22706"
"bitflyer-xrp-jpy-spot","2024-12-30T00:00:00.000000000Z","330.46","323.03","339.5","312.94","325.5621062252752","5109537.742909","10551683.07919949685304004662212021043492918539928","29443"
"bitflyer-xrp-jpy-spot","2024-12-31T00:00:00.000000000Z","323.04","327.97","336.7","314.65","327.6734252855514","5162033.419946","10801300.76542943477072266078215725201187451801508","30585"
"bitflyer-xrp-jpy-spot","2025-01-01T00:00:00.000000000Z","327.97","367.5","369.86","327.44","348.4866562566816","5213079.247627","11516029.72006219869921425593115303275344884263587","37934"
"bitflyer-xrp-jpy-spot","2025-01-02T00:00:00.000000000Z","367.45","378.29","385.51","367.05","376.7821729661592","6458487.141898","15462818.35029661638016645071341641918313585320635","46291"
"bitflyer-xrp-jpy-spot","2025-01-03T00:00:00.000000000Z","378.16","385.63","389.77","376.8","383.6389251385401","4207135.999464","10255180.00026316683966916998653743576876047553037","39070"
"bitflyer-xrp-jpy-spot","2025-01-04T00:00:00.000000000Z","385.49","380.5","394","378","385.2583435382941","3405142.545278","8336398.85639183946577262167025477068643725189956","36136"
"bitflyer-xrp-jpy-spot","2025-01-05T00:00:00.000000000Z","380.58","377.03","381.73","366.49","374.0066675629138","2846524.584573","6767583.58630528825507047262099819635768216689534","30833"
"bitflyer-xrp-jpy-spot","2025-01-06T00:00:00.000000000Z","377.25","381.6","387.17","372.94","379.752109646569","3805709.284064","9171898.10282317485986584290921131748570066129645","38561"
"bitflyer-xrp-jpy-spot","2025-01-07T00:00:00.000000000Z","381.62","360.03","389.5","357.12","373.176485511151","4901962.324055","11563624.72690397104569379065309555296522622830166","27829"
"bitflyer-xrp-jpy-spot","2025-01-08T00:00:00.000000000Z","360.03","376.51","380.32","348.99","367.2945912072703","5535508.222041","12818626.00465915620264140046271221846290484918798","39231"
"bitflyer-xrp-jpy-spot","2025-01-09T00:00:00.000000000Z","376.63","360.17","379.33","353.1","365.376568021622","4184369.659225","9652045.26893013235965953874209091870654426072632","34210"
"bitflyer-xrp-jpy-spot","2025-01-10T00:00:00.000000000Z","360.18","370.38","374.5","355.27","365.073330015301","3709694.686431","8546702.40093222937072083555966143644624840821366","30105"
"bitflyer-xrp-jpy-spot","2025-01-11T00:00:00.000000000Z","370.36","407.16","411.63","367.82","389.7668800683478","5018008.204854","12367967.8157218242773122687076036392347210511671","35292"
"bitflyer-xrp-jpy-spot","2025-01-12T00:00:00.000000000Z","407.14","395.78","408.25","390.13","398.3902501230224","4798244.484227","12096027.75266395557465206333045869416418688675031","34538"
"bitflyer-xrp-jpy-spot","2025-01-13T00:00:00.000000000Z","395.88","397.2","405.04","367.62","388.5894864779697","7327222.666671","18045620.81944286170904295361168455562117148044726","48419"
"bitflyer-xrp-jpy-spot","2025-01-14T00:00:00.000000000Z","397.21","422.49","427","395.8","409.6108832626305","6152165.223396","15938188.14389671075655842251420444546295345015587","54673"
"bitflyer-xrp-jpy-spot","2025-01-15T00:00:00.000000000Z","422.48","491","500","419.3","452.5854862725339","12045458.10177","34697320.60700077155060850912396430339158323802973","68260"
"bitflyer-xrp-jpy-spot","2025-01-16T00:00:00.000000000Z","491","504.36","530.2","457.49","499.024416034975","13990749.941206","44755330.30029008482470476841200269798905791684049","68919"
"bitflyer-xrp-jpy-spot","2025-01-17T00:00:00.000000000Z","504.64","515","522","496.28","511.5612753334734","6256458.288991","20527356.03798235475636764115515296661098100465204","45971"
"bitflyer-xrp-jpy-spot","2025-01-18T00:00:00.000000000Z","515","511.33","516.28","479.62","498.0745057453251","5646527.71401","17967809.01562129887812597282485758021861982498391","46570"
"bitflyer-xrp-jpy-spot","2025-01-19T00:00:00.000000000Z","511.22","463.63","515","447","488.7112227017642","8373252.784883","26116790.68461088574595644414084459842138253241113","58929"
"bitflyer-xrp-jpy-spot","2025-01-20T00:00:00.000000000Z","463.83","482.94","524.7","456","496.9743267167868","11983578.603033","38082423.75620872395631622750981163846948894947676","60978"
"bitflyer-xrp-jpy-spot","2025-01-21T00:00:00.000000000Z","483.04","494.64","504.99","469.41","485.8878966072664","5109523.649307","15920700.88967858753146024131336971913118059710799","33827"
"bitflyer-xrp-jpy-spot","2025-01-22T00:00:00.000000000Z","494.64","498.32","514.9","490.23","500.8293537250375","4274189.44284","13681927.33993569803576771622981002690598796611191","38128"
"bitflyer-xrp-jpy-spot","2025-01-23T00:00:00.000000000Z","498.32","488.04","498.45","476.6","487.6835036117154","4429823.403013","13792164.03282268134868456437516974295022395132196","40155"
"bitflyer-xrp-jpy-spot","2025-01-24T00:00:00.000000000Z","487.68","484.95","501.33","478","490.7096404370592","3895596.655764","12248101.48894227484336538589412066718303868034723","31094"
"bitflyer-xrp-jpy-spot","2025-01-25T00:00:00.000000000Z","484.96","485.69","491.42","481.71","486.7433083263475","1393647.98437","4340099.86983084417593309501320736443154840603802","20476"
"bitflyer-xrp-jpy-spot","2025-01-26T00:00:00.000000000Z","485.69","472.09","490.91","470","482.723177719395","2063701.186482","6381558.51290086407102706207543878603610525014433","20828"
"bitflyer-xrp-jpy-spot","2025-01-27T00:00:00.000000000Z","472.17","474.34","477.45","415","449.3702147837657","9202603.939839","26600641.28089996108070370824261954300674435817137","36061"
"bitflyer-xrp-jpy-spot","2025-01-28T00:00:00.000000000Z","475","477.55","500.5","468.5","485.7779341868854","5352703.453251","16678651.91181562756055727710438614145357133750027","26207"
"bitflyer-xrp-jpy-spot","2025-01-29T00:00:00.000000000Z","477","477.29","487.2","462.82","479.0309251996824","2619947.745436","8060290.51952764659128789010327175159925555894704","23299"
"bitflyer-xrp-jpy-spot","2025-01-30T00:00:00.000000000Z","477.4","483.14","487.39","473.4","481.7624941148562","2569180.624917","7998733.1442761993845585394786417802094076501798","24619"
"bitflyer-xrp-jpy-spot","2025-01-31T00:00:00.000000000Z","483.25","472.38","483.77","466.6","475.9968022788664","2300907.200261","7065257.14112664826430674422027102596464587935021","24668"
"bitflyer-xrp-jpy-spot","2025-02-01T00:00:00.000000000Z","472.38","447.95","477.86","440.2","461.6841621673518","2294272.112074","6811949.1927968566206522046699633416707834173939","23930"
"bitflyer-xrp-jpy-spot","2025-02-02T00:00:00.000000000Z","447.94","402.2","460","380","423.9162910082434","6736323.930771","18338917.07798181134275433774542968026644533402069","29944"
"bitflyer-xrp-jpy-spot","2025-02-03T00:00:00.000000000Z","402.2","420.93","432.64","295","371.9722599179822","14890917.947119","35610665.04871493349747795974218011014281315646983","54211"
"bitflyer-xrp-jpy-spot","2025-02-04T00:00:00.000000000Z","420.93","391","434","374.84","406.5129172769963","6369624.059233","16667150.59235264374847751448650249515855535802923","33048"
"bitflyer-xrp-jpy-spot","2025-02-05T00:00:00.000000000Z","391.01","363.91","395.01","357.51","375.6807334055954","5516121.478672","13540721.31141006709010311125406737859274128566647","26599"
"bitflyer-xrp-jpy-spot","2025-02-06T00:00:00.000000000Z","363.89","352.72","378","347.33","363.9617235416076","3001419.465175","7161179.39486327721769725710895839589505515107414","22675"
"bitflyer-xrp-jpy-spot","2025-02-07T00:00:00.000000000Z","352.73","363.59","387.37","345.7","367.5941024790658","5300892.2126","12819788.49115492408367982213129210677537375113918","27968"
"bitflyer-xrp-jpy-spot","2025-02-08T00:00:00.000000000Z","363.6","367.04","370","356.9","364.4383356613638","1818322.725468","4366246.43644958225383509997143675911809959298737","17317"
"bitflyer-xrp-jpy-spot","2025-02-09T00:00:00.000000000Z","367.05","364.38","380.33","351.1","368.0026111035879","2902600.611324","7038610.14866776861721497635845762706026204391703","18096"
"bitflyer-xrp-jpy-spot","2025-02-10T00:00:00.000000000Z","364.13","368.75","376.53","354.1","367.6203545120192","2136629.976972","5154337.07122630941182863509471148090766448271225","15076"
"bitflyer-xrp-jpy-spot","2025-02-11T00:00:00.000000000Z","368.97","369.84","385.65","362.3","376.3601685643897","2931077.610902","7232329.24544621258459298705014103429117544540894","19004"
"bitflyer-xrp-jpy-spot","2025-02-12T00:00:00.000000000Z","369.28","381.88","385.1","361","373.7414966190167","4029824.72127","9763907.45737632518961732854471729265431513469774","32329"
"bitflyer-xrp-jpy-spot","2025-02-13T00:00:00.000000000Z","382.08","392.44","398.76","371.57","380.7729390403384","4643653.46456","11491840.38210897227415042161120290070033665159086","41904"
"bitflyer-xrp-jpy-spot","2025-02-14T00:00:00.000000000Z","392.26","418.46","429.34","386.77","409.7736034413964","7346363.752763","19695430.44036113309225579923658240564284205058283","49163"
"bitflyer-xrp-jpy-spot","2025-02-15T00:00:00.000000000Z","418.45","421.9","432.17","415","424.7299412976796","3640870.359203","10133388.49672820581346179730059267309080600445401","35956"
"bitflyer-xrp-jpy-spot","2025-02-16T00:00:00.000000000Z","421.9","415.97","427.9","411.62","419.6617910693768","2218493.539105","6095636.97081258987622299897605799858200129531567","29260"
"bitflyer-xrp-jpy-spot","2025-02-17T00:00:00.000000000Z","415.95","404.06","421.1","396.01","406.8367746635457","3606999.086683","9652197.1986641430682687607074286477461902158183","28208"
"bitflyer-xrp-jpy-spot","2025-02-18T00:00:00.000000000Z","404.05","389.66","406.97","375.38","390.5372865713794","3247661.41687","8332326.79129506384679868562057157281456007806808","21843"
"bitflyer-xrp-jpy-spot","2025-02-19T00:00:00.000000000Z","389.67","415.67","416.79","382","396.8897925594054","3103956.062424","8104302.21283431933627720245300298155474288154377","25842"
"bitflyer-xrp-jpy-spot","2025-02-20T00:00:00.000000000Z","415.4","402.79","416.44","400","406.4760784330051","3044217.574624","8224296.82696322691013008146165334324249241318907","22855"
"bitflyer-xrp-jpy-spot","2025-02-21T00:00:00.000000000Z","402.78","385.51","409.32","375","395.8518393748141","3917524.221869","10313025.82889878285615082483419004022640900747852","28058"
"bitflyer-xrp-jpy-spot","2025-02-22T00:00:00.000000000Z","385.59","384.97","390.1","382.57","386.7184173006336","1293932.256214","3342245.85761701796396652928125756345535481805431","16836"
"bitflyer-xrp-jpy-spot","2025-02-23T00:00:00.000000000Z","384.98","385.46","388.96","376.6","382.5767715447405","1787009.725243","4573343.31118553883245839560751313513183655947433","17853"
"bitflyer-xrp-jpy-spot","2025-02-24T00:00:00.000000000Z","385.46","341.37","389.6","334.12","361.1414121052719","5627040.778232","13568646.31978630118367346747015446277181270691368","32685"
"bitflyer-xrp-jpy-spot","2025-02-25T00:00:00.000000000Z","341.34","346.48","352.35","280","332.0290037858609","13734952.837324","30434985.09633661364245608434034646501162596119476","43929"
"bitflyer-xrp-jpy-spot","2025-02-26T00:00:00.000000000Z","346.48","326.69","348.81","321","334.9925045983943","6896866.537816","15455627.27510082412915382941047546124487452660464","30839"
"bitflyer-xrp-jpy-spot","2025-02-27T00:00:00.000000000Z","326.69","330.54","339","321.02","329.1081670856334","7542998.537019","16582159.79020253081586232666778957749195016381005","29859"
"bitflyer-xrp-jpy-spot","2025-02-28T00:00:00.000000000Z","330.46","323.34","330.6","294.01","309.512412738573","9500710.186527","19559072.00398975723669741432685184195045083654923","34847"
"bitflyer-xrp-jpy-spot","2025-03-01T00:00:00.000000000Z","323.33","330.41","334.95","319.99","326.7039586393969","3795134.945353","8219842.48891783263880203463227654461428366983421","23351"
"bitflyer-xrp-jpy-spot","2025-03-02T00:00:00.000000000Z","330.41","443.65","449","327.78","396.2236354629387","11570881.736201","30408321.55731903766461930637387900910794112287923","41730"
"bitflyer-xrp-jpy-spot","2025-03-03T00:00:00.000000000Z","443.65","357.24","447.5","345","393.0309169071148","11726963.005381","30593082.76729571130896563234403726386430470212041","38607"
"bitflyer-xrp-jpy-spot","2025-03-04T00:00:00.000000000Z","357.25","368.04","381.66","331","353.1540233626612","10645714.995142","25183383.38978213794060740689322851606817351318011","31826"
"bitflyer-xrp-jpy-spot","2025-03-05T00:00:00.000000000Z","368.1","373.02","382.18","360.57","370.7269493328668","4863013.143549","12036830.91550193794101715219316019655946104333399","20508"
"bitflyer-xrp-jpy-spot","2025-03-06T00:00:00.000000000Z","373.02","385.63","392.73","369.76","382.284228087985","5196114.482028","13366364.95105667893145916433344748232807625175599","22141"
"bitflyer-xrp-jpy-spot","2025-03-07T00:00:00.000000000Z","385.87","353.7","388.25","348","367.3272833483231","8359539.502376","20718548.52175900111333989706452633086237133606051","27606"
"bitflyer-xrp-jpy-spot","2025-03-08T00:00:00.000000000Z","353.7","344.91","357.67","341.17","348.1539016467468","2446574.102","5741812.97739500798613736868352445453888232936276","20510"
"bitflyer-xrp-jpy-spot","2025-03-09T00:00:00.000000000Z","344.74","316.36","348.56","309.38","326.8282916965147","5818071.701451","12816345.73892503534477231983565655649809313149361","23056"
"bitflyer-xrp-jpy-spot","2025-03-10T00:00:00.000000000Z","315.91","297.26","334.14","294.41","311.6330609392018","8591758.990687","18132006.43984034769528413231841116895848407997867","29924"
"bitflyer-xrp-jpy-spot","2025-03-11T00:00:00.000000000Z","297.9","322.31","328","277.95","306.0970354939664","10630488.17771","22030293.76327180307430169213121307209483815591036","31155"
"bitflyer-xrp-jpy-spot","2025-03-12T00:00:00.000000000Z","322.3","332.87","338.49","317.17","328.1525323020312","6321824.437666","13934768.50174507877148211633499625246092093476324","24414"
"bitflyer-xrp-jpy-spot","2025-03-13T00:00:00.000000000Z","333.1","334.21","350","327.56","337.2279991898651","4458264.034171","10125205.96860008438961634950190457703354361226159","23126"
"bitflyer-xrp-jpy-spot","2025-03-14T00:00:00.000000000Z","334.17","351.13","355.59","331.62","345.7821577767491","3080927.293096","7147262.24213555760862983979713179059655362818656","18948"
"bitflyer-xrp-jpy-spot","2025-03-15T00:00:00.000000000Z","351.5","356.4","369.48","350.7","360.0563397722507","3514906.313752","8487244.12247702339204226698703546845829551808957","16605"
"bitflyer-xrp-jpy-spot","2025-03-16T00:00:00.000000000Z","356.42","341.94","359.33","338.4","347.8600813764434","2477237.144952","5779575.81907211360660810001976157113941821751727","15664"
"bitflyer-xrp-jpy-spot","2025-03-17T00:00:00.000000000Z","341.88","349.96","355.55","341.26","349.1424776017382","2435953.720241","5696958.93378905497085975223062271852025329587047","17561"
"bitflyer-xrp-jpy-spot","2025-03-18T00:00:00.000000000Z","350.42","342.37","350.42","332.5","340.1143097937102","2463027.773224","5584164.70576672943719033469065285201140514889676","18641"
"bitflyer-xrp-jpy-spot","2025-03-19T00:00:00.000000000Z","342.36","378.56","389.34","339.03","369.9036752838023","6190651.507239","15275485.88521491639506722216878565342806218822112","29948"
"bitflyer-xrp-jpy-spot","2025-03-20T00:00:00.000000000Z","378.57","362.11","380.19","355.42","367.9686688119884","2137523.607501","5284901.29157922551569026947041898439259271952656","22519"
"bitflyer-xrp-jpy-spot","2025-03-21T00:00:00.000000000Z","362.15","355.31","367.95","350.86","358.7533799316084","2208535.95505","5303965.5186230253789738446945756230573570078459","23575"
"bitflyer-xrp-jpy-spot","2025-03-22T00:00:00.000000000Z","355.31","353.9","361.34","352.32","357.0005205129805","1908698.838846","4558384.66206613806651275659720264658257393975544","25204"
"bitflyer-xrp-jpy-spot","2025-03-23T00:00:00.000000000Z","353.92","365.1","365.29","353.31","359.712221239652","1409945.808672","3393343.79153572116020880718373461703566340556225","26812"
"bitflyer-xrp-jpy-spot","2025-03-24T00:00:00.000000000Z","365.1","369.47","376.44","362.03","368.7141585207606","2558035.644963","6282712.50529196751565722007952160219652357678671","26423"
"bitflyer-xrp-jpy-spot","2025-03-25T00:00:00.000000000Z","369.5","367.99","372.9","362.94","366.9331343725631","2039484.415128","4972962.4496107407657381592519206117259502263352","24488"
"bitflyer-xrp-jpy-spot","2025-03-26T00:00:00.000000000Z","367.99","354","372.83","350.62","364.0754503728647","2175803.217652","5257557.34824034130939793923658903409539019846702","21851"
"bitflyer-xrp-jpy-spot","2025-03-27T00:00:00.000000000Z","354.07","353.56","359.51","347.42","355.6798865432802","1768482.584484","4172331.53940492763848528744616839524252594894883","22297"
"bitflyer-xrp-jpy-spot","2025-03-28T00:00:00.000000000Z","353.67","330.98","353.81","323.74","336.7537518379544","3311903.625084","7394917.31453552319490938168261692579328234185634","25167"
"bitflyer-xrp-jpy-spot","2025-03-29T00:00:00.000000000Z","330.87","320.4","334","309","318.5211688704717","3454519.773584","7329558.60999562717416679507403062643447660463267","23797"
"bitflyer-xrp-jpy-spot","2025-03-30T00:00:00.000000000Z","320.4","320.24","332","315.89","323.8388759145967","2178037.697266","4702288.59377912538844395627793919103028857790134","18674"
"bitflyer-xrp-jpy-spot","2025-03-31T00:00:00.000000000Z","320.17","313.58","320.9","301.4","310.7172403581321","3984898.908765","8279274.57515592113520155339186984452003747874256","24816"
"bitflyer-xrp-jpy-spot","2025-04-01T00:00:00.000000000Z","313.58","320.81","329.89","309.6","320.5345209610668","4664836.989234","9985329.05209199387808466065328720823410365456681","23166"
"bitflyer-xrp-jpy-spot","2025-04-02T00:00:00.000000000Z","320.81","299.71","335.2","294.9","315.4686924881536","4470781.046483","9424477.74272645945418642523173318051688917528658","25110"
"bitflyer-xrp-jpy-spot","2025-04-03T00:00:00.000000000Z","299.72","302","307.94","285.03","298.2124468341944","4068186.774539","8260482.02424336502952188461577741016726254506257","27938"
"bitflyer-xrp-jpy-spot","2025-04-04T00:00:00.000000000Z","301.99","313.12","316.34","291.62","304.9559056421156","3763434.747359","7857619.54714537181574864051291286276110357009309","27264"
"bitflyer-xrp-jpy-spot","2025-04-05T00:00:00.000000000Z","313.13","315.46","319.9","310.77","314.3708643882035","1225368.556624","2620878.65208065012734570585412843862858476205671","22147"
"bitflyer-xrp-jpy-spot","2025-04-06T00:00:00.000000000Z","315.42","279.37","317.27","269.5","292.8901827836449","6201567.219434","12400076.39069410380412384074127757057834828803245","31754"
"bitflyer-xrp-jpy-spot","2025-04-07T00:00:00.000000000Z","279.37","280.55","297.38","234.56","266.194205485099","10592897.735222","19219200.71359555693495554025450853358524909342371","42459"
"bitflyer-xrp-jpy-spot","2025-04-08T00:00:00.000000000Z","280.6","261.66","290.54","259.21","277.3284176357909","4689545.578985","8837101.89101899159298894424699559750716830001664","27619"
"bitflyer-xrp-jpy-spot","2025-04-09T00:00:00.000000000Z","261.68","302.83","308.77","250.32","276.8078357530871","6437783.537179","12185432.20476117734939344790790456271700882599213","35191"
"bitflyer-xrp-jpy-spot","2025-04-10T00:00:00.000000000Z","302.78","282.77","303.06","277.18","290.3250171078999","3611225.532091","7186272.07004778315397333562588313795574712649057","26310"
"bitflyer-xrp-jpy-spot","2025-04-11T00:00:00.000000000Z","282.91","290.61","297.34","279.4","288.294647876676","3470688.748685","6970182.86615127912460130100107395124280016817302","24738"
"bitflyer-xrp-jpy-spot","2025-04-12T00:00:00.000000000Z","290.61","310.29","314","287.84","301.9697445569382","2669684.985257","5609403.65765120316284628416390371506858374289126","23926"
"bitflyer-xrp-jpy-spot","2025-04-13T00:00:00.000000000Z","310.14","304.61","322.22","298.54","309.4531307383947","4394855.570753","9463012.70114150521135900178094653091758298335053","30033"
"bitflyer-xrp-jpy-spot","2025-04-14T00:00:00.000000000Z","304.55","305.34","312.5","300.4","306.7186189454029","2966235.749926","6349966.08653799554725430697779851826447455687607","28693"
"bitflyer-xrp-jpy-spot","2025-04-15T00:00:00.000000000Z","305.34","299.02","312.68","298.4","306.9740186781163","2667883.610754","5710384.74618426111919895389232629484329282383407","23921"
"bitflyer-xrp-jpy-spot","2025-04-16T00:00:00.000000000Z","299.03","295.91","304","290.12","297.0122128692191","3250802.240436","6758290.79769539709770214806715884432088510762338","23386"
"bitflyer-xrp-jpy-spot","2025-04-17T00:00:00.000000000Z","295.99","294.78","302","292.51","297.6961217963633","1955782.834173","4076916.29386825687164769639334776688634400469017","19701"
"bitflyer-xrp-jpy-spot","2025-04-18T00:00:00.000000000Z","294.99","293.94","297.98","291.55","294.1078935358831","1317322.343383","2715983.51831095261957374926279711370007581942657","12395"
"bitflyer-xrp-jpy-spot","2025-04-19T00:00:00.000000000Z","294.03","297.26","298.89","293.7","296.8646569548638","493309.520888","1027811.90284432584652616604819493251004441002577","13200"
"bitflyer-xrp-jpy-spot","2025-04-20T00:00:00.000000000Z","297.5","294.56","298.11","290.24","293.7289524557358","924183.67955","1907338.80165884767822731892025449650930775420464","6063"
"bitflyer-xrp-jpy-spot","2025-04-21T00:00:00.000000000Z","294.7","294.23","301.6","290.6","297.6935245134175","2000661.012164","4222842.91183596411758402304766256162215358356657","19258"
"bitflyer-xrp-jpy-spot","2025-04-22T00:00:00.000000000Z","294.26","315.78","320","290.71","304.4865819793612","3147212.223788","6774833.41826226657271055714808063898772386820765","24721"
"bitflyer-xrp-jpy-spot","2025-04-23T00:00:00.000000000Z","315.87","318.06","327.23","310.99","319.8131136943775","3513112.992337","7890947.27882678221433093386757890203547268145822","27812"
"bitflyer-xrp-jpy-spot","2025-04-24T00:00:00.000000000Z","318.22","315.8","319","302.76","312.2613543656873","3210420.03028","7012769.37684479071071390984787826639841998722167","23213"
"bitflyer-xrp-jpy-spot","2025-04-25T00:00:00.000000000Z","315.8","314.01","319.75","309.91","315.5342486119132","2577748.40557","5658949.32431637729174567769408928396989639049604","20346"
"bitflyer-xrp-jpy-spot","2025-04-26T00:00:00.000000000Z","313.97","315.61","323.49","313.72","317.9459476707448","1963568.685336","4338419.62289407012268561993489627345002475002479","17758"
"bitflyer-xrp-jpy-spot","2025-04-27T00:00:00.000000000Z","315.61","324.43","330","310.99","320.4374851689875","3266528.107782","7276349.83310634750243761700477149296685754840907","21813"
"bitflyer-xrp-jpy-spot","2025-04-28T00:00:00.000000000Z","324.43","327.12","339.55","319","328.1766303704023","3440150.007517","7865286.94512413913457025165366535883607589499493","26398"
"bitflyer-xrp-jpy-spot","2025-04-29T00:00:00.000000000Z","326.99","319.33","329.89","316.42","323.9402014380492","1778823.922436","4040081.80079215916102020503286444270912234453795","18971"
"bitflyer-xrp-jpy-spot","2025-04-30T00:00:00.000000000Z","319.31","313.95","322.8","303.6","315.6146397931027","3019053.311332","6662282.6022822767403576646878004976235801286946","23812"
"bitflyer-xrp-jpy-spot","2025-05-01T00:00:00.000000000Z","313.93","322.46","328.6","313.6","321.8340911183424","1969182.059365","4377557.308718770590048398112884577911624594751","17888"
"bitflyer-xrp-jpy-spot","2025-05-02T00:00:00.000000000Z","322.43","321.22","325.61","318.9","322.0931536600427","1464187.067743","3244996.92881116466118983697305129291141550265318","16221"
"bitflyer-xrp-jpy-spot","2025-05-03T00:00:00.000000000Z","321.22","318.22","322.65","316.49","319.8654613503812","559501.460117","1231082.52351872309890423267434764616432023675208","13423"
"bitflyer-xrp-jpy-spot","2025-05-04T00:00:00.000000000Z","318.22","312.51","322.48","312","317.0947546576544","1247973.287791","2722257.67112724705169807865292675449662777701331","16729"
"bitflyer-xrp-jpy-spot","2025-05-05T00:00:00.000000000Z","312.47","306.98","317.4","303.8","309.9253565252829","1206400.33429","2591351.80247028722419652082551996718445837396922","15818"
"bitflyer-xrp-jpy-spot","2025-05-06T00:00:00.000000000Z","306.81","308.75","309.49","296.18","302.1184885338999","1455734.755395","3066929.21109567801418601447092000351673182246601","16841"
"bitflyer-xrp-jpy-spot","2025-05-07T00:00:00.000000000Z","308.72","306.34","311.12","301.94","307.1509332873596","1602353.673599","3429169.37444746336829793356948849190475000361245","16575"
"bitflyer-xrp-jpy-spot","2025-05-08T00:00:00.000000000Z","306.34","339.83","339.98","305","324.186129542011","3368253.579556","7526368.52253336475496041403297735964134558040496","25258"
"bitflyer-xrp-jpy-spot","2025-05-09T00:00:00.000000000Z","339.79","340.89","353","331","342.4672884323877","3256785.762819","7669140.96099459916187039081763933238539524606755","32645"
"bitflyer-xrp-jpy-spot","2025-05-10T00:00:00.000000000Z","340.89","359.2","360.21","339.8","350.0603337846833","3515839.60504","8465737.78011132999014902446781655302575554420349","29706"
"bitflyer-xrp-jpy-spot","2025-05-11T00:00:00.000000000Z","359.25","345.64","361.26","339.3","347.4237463230216","2724305.72321","6500467.78865910362709179731805477626043536560215","28208"
"bitflyer-xrp-jpy-spot","2025-05-12T00:00:00.000000000Z","345.63","377.76","392.73","344.21","370.8372214323122","6384039.382327","15994345.16759694360629171080820782956289178465453","39267"
